   0.0000000e+00   4.1000000e+01   2.5900000e+02   0.0000000e+00   8.6333333e-01   7.9900000e+02   7.0495428e+01
   0.0000000e+00   4.1000000e+01   2.5900000e+02   0.0000000e+00   8.6333333e-01   1.2400000e+03   7.0496483e+01
   0.0000000e+00   4.1000000e+01   2.5900000e+02   0.0000000e+00   8.6333333e-01   1.0920000e+03   7.0738320e+01
   0.0000000e+00   4.1000000e+01   2.5900000e+02   0.0000000e+00   8.6333333e-01   1.7580000e+03   7.0834370e+01
   0.0000000e+00   4.1000000e+01   2.5900000e+02   0.0000000e+00   8.6333333e-01   7.4800000e+02   7.0549660e+01
   0.0000000e+00   4.1000000e+01   2.5900000e+02   0.0000000e+00   8.6333333e-01   5.8500000e+02   7.0562073e+01
   0.0000000e+00   4.1000000e+01   2.5900000e+02   0.0000000e+00   8.6333333e-01   4.0400000e+02   7.1136378e+01
   0.0000000e+00   4.1000000e+01   2.5900000e+02   0.0000000e+00   8.6333333e-01   4.6800000e+02   7.0513221e+01
   0.0000000e+00   4.1000000e+01   2.5900000e+02   0.0000000e+00   8.6333333e-01   8.7500000e+02   7.0625464e+01
   0.0000000e+00   4.1000000e+01   2.5900000e+02   0.0000000e+00   8.6333333e-01   6.9600000e+02   7.0503897e+01
   0.0000000e+00   4.1000000e+01   2.5900000e+02   0.0000000e+00   8.6333333e-01   8.1000000e+02   7.0612382e+01
   0.0000000e+00   4.1000000e+01   2.5900000e+02   0.0000000e+00   8.6333333e-01   4.9600000e+02   7.0545652e+01
   0.0000000e+00   4.1000000e+01   2.5900000e+02   0.0000000e+00   8.6333333e-01   7.2000000e+02   7.0396021e+01
   0.0000000e+00   4.1000000e+01   2.5900000e+02   0.0000000e+00   8.6333333e-01   2.5890000e+03   7.0689683e+01
   0.0000000e+00   4.1000000e+01   2.5900000e+02   0.0000000e+00   8.6333333e-01   7.1300000e+02   7.0589639e+01
   0.0000000e+00   4.1000000e+01   2.5900000e+02   0.0000000e+00   8.6333333e-01   1.1710000e+03   7.0623061e+01
   0.0000000e+00   4.1000000e+01   2.5900000e+02   0.0000000e+00   8.6333333e-01   8.8800000e+02   7.0592775e+01
   0.0000000e+00   4.1000000e+01   2.5900000e+02   0.0000000e+00   8.6333333e-01   1.4280000e+03   7.0701188e+01
   0.0000000e+00   4.1000000e+01   2.5900000e+02   0.0000000e+00   8.6333333e-01   5.0400000e+02   7.0547953e+01
   0.0000000e+00   4.1000000e+01   2.5900000e+02   0.0000000e+00   8.6333333e-01   9.0800000e+02   7.0683370e+01
   0.0000000e+00   4.1000000e+01   2.5900000e+02   0.0000000e+00   8.6333333e-01   8.5500000e+02   7.0518026e+01
   0.0000000e+00   4.1000000e+01   2.5900000e+02   0.0000000e+00   8.6333333e-01   2.7200000e+02   7.0603056e+01
   0.0000000e+00   4.1000000e+01   2.5900000e+02   0.0000000e+00   8.6333333e-01   1.9750000e+03   7.0520195e+01
   0.0000000e+00   4.1000000e+01   2.5900000e+02   0.0000000e+00   8.6333333e-01   1.6530000e+03   7.0474767e+01
   0.0000000e+00   4.1000000e+01   2.5900000e+02   0.0000000e+00   8.6333333e-01   1.2610000e+03   7.0522377e+01
   0.0000000e+00   4.1000000e+01   2.5900000e+02   0.0000000e+00   8.6333333e-01   4.3500000e+02   7.0629773e+01
   0.0000000e+00   4.1000000e+01   2.5900000e+02   0.0000000e+00   8.6333333e-01   1.7990000e+03   7.0533753e+01
   0.0000000e+00   4.1000000e+01   2.5900000e+02   0.0000000e+00   8.6333333e-01   1.5660000e+03   7.0857641e+01
   0.0000000e+00   4.1000000e+01   2.5900000e+02   0.0000000e+00   8.6333333e-01   9.1900000e+02   7.0564902e+01
   0.0000000e+00   4.1000000e+01   2.5900000e+02   0.0000000e+00   8.6333333e-01   7.5000000e+02   7.0728004e+01
   0.0000000e+00   4.1000000e+01   2.5900000e+02   0.0000000e+00   8.6333333e-01   5.6500000e+02   7.0314781e+01
   0.0000000e+00   4.1000000e+01   2.5900000e+02   0.0000000e+00   8.6333333e-01   4.5500000e+02   7.1138420e+01
   0.0000000e+00   4.1000000e+01   2.5900000e+02   0.0000000e+00   8.6333333e-01   9.9900000e+02   7.0552639e+01
   0.0000000e+00   4.1000000e+01   2.5900000e+02   0.0000000e+00   8.6333333e-01   5.1900000e+02   7.0520679e+01
   0.0000000e+00   4.1000000e+01   2.5900000e+02   0.0000000e+00   8.6333333e-01   1.2510000e+03   7.0570343e+01
   0.0000000e+00   4.1000000e+01   2.5900000e+02   0.0000000e+00   8.6333333e-01   7.0200000e+02   7.0537386e+01
   0.0000000e+00   4.1000000e+01   2.5900000e+02   0.0000000e+00   8.6333333e-01   2.8910000e+03   7.0432492e+01
   0.0000000e+00   4.1000000e+01   2.5800000e+02   1.0000000e+00   8.6000000e-01   5.4000000e+02   7.1267750e+01
   0.0000000e+00   4.1000000e+01   2.5900000e+02   0.0000000e+00   8.6333333e-01   1.1950000e+03   7.0703476e+01
   0.0000000e+00   4.1000000e+01   2.5900000e+02   0.0000000e+00   8.6333333e-01   4.5100000e+02   7.0908437e+01
   0.0000000e+00   4.1000000e+01   2.5900000e+02   0.0000000e+00   8.6333333e-01   5.9600000e+02   7.0468957e+01
   0.0000000e+00   4.1000000e+01   2.5900000e+02   0.0000000e+00   8.6333333e-01   6.7400000e+02   7.0456197e+01
   0.0000000e+00   4.1000000e+01   2.5900000e+02   0.0000000e+00   8.6333333e-01   4.7800000e+02   7.0457613e+01
   0.0000000e+00   4.1000000e+01   2.5900000e+02   0.0000000e+00   8.6333333e-01   8.0600000e+02   7.0513961e+01
   0.0000000e+00   4.1000000e+01   2.5900000e+02   0.0000000e+00   8.6333333e-01   6.3300000e+02   7.0886479e+01
   0.0000000e+00   4.1000000e+01   2.5900000e+02   0.0000000e+00   8.6333333e-01   1.3230000e+03   7.0589630e+01
   0.0000000e+00   4.1000000e+01   2.5900000e+02   0.0000000e+00   8.6333333e-01   8.1300000e+02   7.0645882e+01
   0.0000000e+00   4.1000000e+01   2.5900000e+02   0.0000000e+00   8.6333333e-01   1.1010000e+03   7.0597096e+01
   0.0000000e+00   4.1000000e+01   2.5900000e+02   0.0000000e+00   8.6333333e-01   6.7600000e+02   7.0595372e+01
   0.0000000e+00   4.1000000e+01   2.5900000e+02   0.0000000e+00   8.6333333e-01   9.4400000e+02   7.0732206e+01
   0.0000000e+00   4.1000000e+01   2.5900000e+02   0.0000000e+00   8.6333333e-01   1.8420000e+03   7.0652122e+01
   0.0000000e+00   4.1000000e+01   2.5900000e+02   0.0000000e+00   8.6333333e-01   2.2100000e+02   7.0319132e+01
   0.0000000e+00   4.1000000e+01   2.5900000e+02   0.0000000e+00   8.6333333e-01   1.7680000e+03   7.0514386e+01
   0.0000000e+00   4.1000000e+01   2.5900000e+02   0.0000000e+00   8.6333333e-01   7.5100000e+02   7.0529327e+01
   0.0000000e+00   4.1000000e+01   2.5900000e+02   0.0000000e+00   8.6333333e-01   2.0460000e+03   7.0739466e+01
   0.0000000e+00   4.1000000e+01   2.5900000e+02   0.0000000e+00   8.6333333e-01   9.6900000e+02   7.0647249e+01
   0.0000000e+00   4.1000000e+01   2.5900000e+02   0.0000000e+00   8.6333333e-01   4.5400000e+02   7.0509387e+01
   0.0000000e+00   4.1000000e+01   2.5900000e+02   0.0000000e+00   8.6333333e-01   2.2720000e+03   7.0482841e+01
   0.0000000e+00   4.1000000e+01   2.5900000e+02   0.0000000e+00   8.6333333e-01   2.3980000e+03   7.0657033e+01
   0.0000000e+00   4.1000000e+01   2.5900000e+02   0.0000000e+00   8.6333333e-01   6.4300000e+02   7.0586046e+01
   0.0000000e+00   4.1000000e+01   2.5900000e+02   0.0000000e+00   8.6333333e-01   6.3800000e+02   7.0497099e+01
   0.0000000e+00   4.1000000e+01   2.5900000e+02   0.0000000e+00   8.6333333e-01   1.5690000e+03   7.0824960e+01
   0.0000000e+00   4.1000000e+01   2.5900000e+02   0.0000000e+00   8.6333333e-01   1.2390000e+03   7.0918700e+01
   0.0000000e+00   4.1000000e+01   2.5900000e+02   0.0000000e+00   8.6333333e-01   5.5300000e+02   7.0554455e+01
   0.0000000e+00   4.1000000e+01   2.5900000e+02   0.0000000e+00   8.6333333e-01   1.3610000e+03   7.0577173e+01
   0.0000000e+00   4.1000000e+01   2.5900000e+02   0.0000000e+00   8.6333333e-01   8.4500000e+02   7.0519179e+01
   0.0000000e+00   4.1000000e+01   2.5900000e+02   0.0000000e+00   8.6333333e-01   4.6700000e+02   7.0592668e+01
   0.0000000e+00   4.1000000e+01   2.5900000e+02   0.0000000e+00   8.6333333e-01   4.9100000e+02   7.0455261e+01
   0.0000000e+00   4.1000000e+01   2.5900000e+02   0.0000000e+00   8.6333333e-01   2.0890000e+03   7.0532722e+01
   0.0000000e+00   4.1000000e+01   2.5900000e+02   0.0000000e+00   8.6333333e-01   7.6200000e+02   7.0896044e+01
   0.0000000e+00   4.1000000e+01   2.5900000e+02   0.0000000e+00   8.6333333e-01   1.3760000e+03   7.0511706e+01
   0.0000000e+00   4.1000000e+01   2.5900000e+02   0.0000000e+00   8.6333333e-01   8.2700000e+02   7.0494909e+01
   0.0000000e+00   4.1000000e+01   2.5900000e+02   0.0000000e+00   8.6333333e-01   2.1160000e+03   7.0468041e+01
   0.0000000e+00   4.1000000e+01   2.5900000e+02   0.0000000e+00   8.6333333e-01   5.3600000e+02   7.0819670e+01
   0.0000000e+00   4.1000000e+01   2.5900000e+02   0.0000000e+00   8.6333333e-01   7.7200000e+02   7.0426743e+01
   0.0000000e+00   4.1000000e+01   2.5900000e+02   0.0000000e+00   8.6333333e-01   1.0410000e+03   7.0599819e+01
   0.0000000e+00   4.1000000e+01   2.5900000e+02   0.0000000e+00   8.6333333e-01   8.0500000e+02   7.0656775e+01
   0.0000000e+00   4.1000000e+01   2.5900000e+02   0.0000000e+00   8.6333333e-01   1.7960000e+03   7.0766077e+01
   0.0000000e+00   4.1000000e+01   2.5900000e+02   0.0000000e+00   8.6333333e-01   1.2020000e+03   7.0530580e+01
   0.0000000e+00   4.1000000e+01   2.5900000e+02   0.0000000e+00   8.6333333e-01   8.2900000e+02   7.0523176e+01
   0.0000000e+00   4.1000000e+01   2.5900000e+02   0.0000000e+00   8.6333333e-01   8.7900000e+02   7.0566676e+01
   0.0000000e+00   4.1000000e+01   2.5900000e+02   0.0000000e+00   8.6333333e-01   4.8900000e+02   7.0423792e+01
   0.0000000e+00   4.1000000e+01   2.5900000e+02   0.0000000e+00   8.6333333e-01   1.7680000e+03   7.0911270e+01
   0.0000000e+00   4.1000000e+01   2.5900000e+02   0.0000000e+00   8.6333333e-01   1.0790000e+03   7.0615582e+01
   0.0000000e+00   4.1000000e+01   2.5900000e+02   0.0000000e+00   8.6333333e-01   5.1700000e+02   7.0506059e+01
   0.0000000e+00   4.1000000e+01   2.5900000e+02   0.0000000e+00   8.6333333e-01   4.3000000e+02   7.0919918e+01
   0.0000000e+00   4.1000000e+01   2.5900000e+02   0.0000000e+00   8.6333333e-01   1.3540000e+03   7.0936399e+01
   0.0000000e+00   4.1000000e+01   2.5900000e+02   0.0000000e+00   8.6333333e-01   1.1780000e+03   7.0512098e+01
   0.0000000e+00   4.1000000e+01   2.5900000e+02   0.0000000e+00   8.6333333e-01   5.6500000e+02   7.0517773e+01
   0.0000000e+00   4.1000000e+01   2.5900000e+02   0.0000000e+00   8.6333333e-01   6.8000000e+02   7.0397726e+01
   0.0000000e+00   4.1000000e+01   2.5900000e+02   0.0000000e+00   8.6333333e-01   7.6100000e+02   7.0499272e+01
   0.0000000e+00   4.1000000e+01   2.5900000e+02   0.0000000e+00   8.6333333e-01   5.4300000e+02   7.0474160e+01
   0.0000000e+00   4.1000000e+01   2.5900000e+02   0.0000000e+00   8.6333333e-01   3.6500000e+02   7.0521052e+01
   0.0000000e+00   4.1000000e+01   2.5900000e+02   0.0000000e+00   8.6333333e-01   1.7720000e+03   7.0533297e+01
   0.0000000e+00   4.1000000e+01   2.5900000e+02   0.0000000e+00   8.6333333e-01   1.4960000e+03   7.0791121e+01
   0.0000000e+00   4.1000000e+01   2.5900000e+02   0.0000000e+00   8.6333333e-01   7.5800000e+02   7.0436087e+01
   0.0000000e+00   4.1000000e+01   2.5900000e+02   0.0000000e+00   8.6333333e-01   7.9600000e+02   7.0701234e+01
   0.0000000e+00   4.1000000e+01   2.5900000e+02   0.0000000e+00   8.6333333e-01   9.5900000e+02   7.0542641e+01
   0.0000000e+00   4.1000000e+01   2.5900000e+02   0.0000000e+00   8.6333333e-01   4.2800000e+02   7.0574254e+01
   0.0000000e+00   4.1000000e+01   2.5900000e+02   0.0000000e+00   8.6333333e-01   2.0050000e+03   7.0798247e+01
