   0.0000000e+00   4.1000000e+01   2.5900000e+02   0.0000000e+00   8.6333333e-01   2.7760000e+03   7.0623190e+01
   0.0000000e+00   4.1000000e+01   2.5900000e+02   0.0000000e+00   8.6333333e-01   2.0920000e+03   7.0959175e+01
   0.0000000e+00   4.1000000e+01   2.5900000e+02   0.0000000e+00   8.6333333e-01   3.2900000e+02   7.0272003e+01
   0.0000000e+00   4.1000000e+01   2.5900000e+02   0.0000000e+00   8.6333333e-01   2.5190000e+03   7.0422341e+01
   0.0000000e+00   4.1000000e+01   2.5900000e+02   0.0000000e+00   8.6333333e-01   6.3000000e+02   7.0625987e+01
   0.0000000e+00   4.1000000e+01   2.5900000e+02   0.0000000e+00   8.6333333e-01   1.5860000e+03   7.0610752e+01
   0.0000000e+00   4.1000000e+01   2.5900000e+02   0.0000000e+00   8.6333333e-01   1.4200000e+03   7.0456721e+01
   0.0000000e+00   4.1000000e+01   2.5900000e+02   0.0000000e+00   8.6333333e-01   2.4500000e+03   7.0778406e+01
   0.0000000e+00   4.1000000e+01   2.5900000e+02   0.0000000e+00   8.6333333e-01   6.5500000e+02   7.0482931e+01
   0.0000000e+00   4.1000000e+01   2.5900000e+02   0.0000000e+00   8.6333333e-01   1.5680000e+03   7.0909785e+01
   0.0000000e+00   4.1000000e+01   2.5900000e+02   0.0000000e+00   8.6333333e-01   7.0200000e+02   7.0233006e+01
   0.0000000e+00   4.1000000e+01   2.5900000e+02   0.0000000e+00   8.6333333e-01   1.5240000e+03   7.0290028e+01
   0.0000000e+00   4.1000000e+01   2.5900000e+02   0.0000000e+00   8.6333333e-01   1.3580000e+03   7.0550318e+01
   0.0000000e+00   4.1000000e+01   2.5900000e+02   0.0000000e+00   8.6333333e-01   6.6400000e+02   7.0428602e+01
   0.0000000e+00   4.1000000e+01   2.5900000e+02   0.0000000e+00   8.6333333e-01   1.7710000e+03   7.0586572e+01
   0.0000000e+00   4.1000000e+01   2.5900000e+02   0.0000000e+00   8.6333333e-01   7.5100000e+02   7.0901105e+01
   0.0000000e+00   4.1000000e+01   2.5900000e+02   0.0000000e+00   8.6333333e-01   2.3550000e+03   7.0582841e+01
   0.0000000e+00   4.1000000e+01   2.5900000e+02   0.0000000e+00   8.6333333e-01   5.6300000e+02   7.1073546e+01
   0.0000000e+00   4.1000000e+01   2.5900000e+02   0.0000000e+00   8.6333333e-01   2.0180000e+03   7.0353547e+01
   0.0000000e+00   4.1000000e+01   2.5900000e+02   0.0000000e+00   8.6333333e-01   3.2600000e+02   7.0530807e+01
   0.0000000e+00   4.1000000e+01   2.5900000e+02   0.0000000e+00   8.6333333e-01   1.9310000e+03   7.1225329e+01
   0.0000000e+00   4.1000000e+01   2.5900000e+02   0.0000000e+00   8.6333333e-01   2.8700000e+02   7.0525302e+01
   0.0000000e+00   4.1000000e+01   2.5900000e+02   0.0000000e+00   8.6333333e-01   2.9400000e+02   7.0561749e+01
   0.0000000e+00   4.1000000e+01   2.5900000e+02   0.0000000e+00   8.6333333e-01   7.8900000e+02   7.0454793e+01
   0.0000000e+00   4.1000000e+01   2.5900000e+02   0.0000000e+00   8.6333333e-01   1.1710000e+03   7.0401947e+01
   0.0000000e+00   4.1000000e+01   2.5900000e+02   0.0000000e+00   8.6333333e-01   8.2200000e+02   7.0314498e+01
   0.0000000e+00   4.1000000e+01   2.5900000e+02   0.0000000e+00   8.6333333e-01   7.8200000e+02   7.0395631e+01
   0.0000000e+00   4.1000000e+01   2.5900000e+02   0.0000000e+00   8.6333333e-01   1.0120000e+03   7.0478219e+01
   0.0000000e+00   4.1000000e+01   2.5900000e+02   0.0000000e+00   8.6333333e-01   8.1100000e+02   7.0868244e+01
   0.0000000e+00   4.1000000e+01   2.5900000e+02   0.0000000e+00   8.6333333e-01   3.1400000e+02   7.0686567e+01
   0.0000000e+00   4.1000000e+01   2.5900000e+02   0.0000000e+00   8.6333333e-01   2.4500000e+02   7.0534038e+01
   0.0000000e+00   4.1000000e+01   2.5900000e+02   0.0000000e+00   8.6333333e-01   5.0900000e+02   7.0770772e+01
   0.0000000e+00   4.1000000e+01   2.5900000e+02   0.0000000e+00   8.6333333e-01   1.1340000e+03   7.0533401e+01
   0.0000000e+00   4.1000000e+01   2.5900000e+02   0.0000000e+00   8.6333333e-01   4.9500000e+02   7.0472468e+01
   0.0000000e+00   4.1000000e+01   2.5900000e+02   0.0000000e+00   8.6333333e-01   1.3720000e+03   7.0612588e+01
   0.0000000e+00   4.1000000e+01   2.5900000e+02   0.0000000e+00   8.6333333e-01   1.9770000e+03   7.0421455e+01
   0.0000000e+00   4.1000000e+01   2.5900000e+02   0.0000000e+00   8.6333333e-01   3.9500000e+02   7.0360103e+01
   0.0000000e+00   4.1000000e+01   2.5900000e+02   0.0000000e+00   8.6333333e-01   1.7390000e+03   7.0646850e+01
   0.0000000e+00   4.1000000e+01   2.5900000e+02   0.0000000e+00   8.6333333e-01   1.3710000e+03   7.0511885e+01
   0.0000000e+00   4.1000000e+01   2.5900000e+02   0.0000000e+00   8.6333333e-01   6.3200000e+02   7.0225088e+01
   0.0000000e+00   4.1000000e+01   2.5900000e+02   0.0000000e+00   8.6333333e-01   1.0670000e+03   7.0730048e+01
   0.0000000e+00   4.1000000e+01   2.5900000e+02   0.0000000e+00   8.6333333e-01   7.3800000e+02   7.0309219e+01
   0.0000000e+00   4.1000000e+01   2.5900000e+02   0.0000000e+00   8.6333333e-01   7.4300000e+02   7.0336989e+01
   0.0000000e+00   4.1000000e+01   2.5900000e+02   0.0000000e+00   8.6333333e-01   6.5400000e+02   7.0602497e+01
   0.0000000e+00   4.1000000e+01   2.5900000e+02   0.0000000e+00   8.6333333e-01   1.2060000e+03   7.0519329e+01
   0.0000000e+00   4.1000000e+01   2.5900000e+02   0.0000000e+00   8.6333333e-01   4.9900000e+02   7.0766773e+01
   0.0000000e+00   4.1000000e+01   2.5900000e+02   0.0000000e+00   8.6333333e-01   5.0700000e+02   7.0257017e+01
   0.0000000e+00   4.1000000e+01   2.5900000e+02   0.0000000e+00   8.6333333e-01   5.0200000e+02   7.0430836e+01
   0.0000000e+00   4.1000000e+01   2.5900000e+02   0.0000000e+00   8.6333333e-01   6.1400000e+02   7.0661467e+01
   0.0000000e+00   4.1000000e+01   2.5900000e+02   0.0000000e+00   8.6333333e-01   8.1100000e+02   7.0450803e+01
   0.0000000e+00   4.1000000e+01   2.5900000e+02   0.0000000e+00   8.6333333e-01   8.9000000e+02   7.0742500e+01
   0.0000000e+00   4.1000000e+01   2.5900000e+02   0.0000000e+00   8.6333333e-01   1.4340000e+03   7.0682353e+01
   0.0000000e+00   4.1000000e+01   2.5900000e+02   0.0000000e+00   8.6333333e-01   9.5200000e+02   7.0921982e+01
   0.0000000e+00   4.1000000e+01   2.5900000e+02   0.0000000e+00   8.6333333e-01   4.1200000e+02   7.0523069e+01
   0.0000000e+00   4.1000000e+01   2.5900000e+02   0.0000000e+00   8.6333333e-01   1.0680000e+03   7.0929469e+01
   0.0000000e+00   4.1000000e+01   2.5900000e+02   0.0000000e+00   8.6333333e-01   9.4400000e+02   7.0509064e+01
   0.0000000e+00   4.1000000e+01   2.5900000e+02   0.0000000e+00   8.6333333e-01   4.7500000e+02   7.0630934e+01
   0.0000000e+00   4.1000000e+01   2.5900000e+02   0.0000000e+00   8.6333333e-01   1.0570000e+03   7.0831537e+01
   0.0000000e+00   4.1000000e+01   2.5900000e+02   0.0000000e+00   8.6333333e-01   6.7800000e+02   7.0547400e+01
   0.0000000e+00   4.1000000e+01   2.5900000e+02   0.0000000e+00   8.6333333e-01   7.3000000e+02   7.0215250e+01
   0.0000000e+00   4.1000000e+01   2.5900000e+02   0.0000000e+00   8.6333333e-01   4.5000000e+02   7.0592149e+01
   0.0000000e+00   4.1000000e+01   2.5900000e+02   0.0000000e+00   8.6333333e-01   6.3600000e+02   7.0389173e+01
   0.0000000e+00   4.1000000e+01   2.5900000e+02   0.0000000e+00   8.6333333e-01   8.0800000e+02   7.0591616e+01
   0.0000000e+00   4.1000000e+01   2.5900000e+02   0.0000000e+00   8.6333333e-01   4.2200000e+02   7.0485919e+01
   0.0000000e+00   4.1000000e+01   2.5900000e+02   0.0000000e+00   8.6333333e-01   9.9200000e+02   7.0688405e+01
   0.0000000e+00   4.1000000e+01   2.5900000e+02   0.0000000e+00   8.6333333e-01   8.0700000e+02   7.0662500e+01
   0.0000000e+00   4.1000000e+01   2.5900000e+02   0.0000000e+00   8.6333333e-01   1.2650000e+03   7.0289669e+01
   0.0000000e+00   4.1000000e+01   2.5900000e+02   0.0000000e+00   8.6333333e-01   4.2300000e+02   7.0381660e+01
   0.0000000e+00   4.1000000e+01   2.5900000e+02   0.0000000e+00   8.6333333e-01   1.1120000e+03   7.0406466e+01
   0.0000000e+00   4.1000000e+01   2.5900000e+02   0.0000000e+00   8.6333333e-01   2.1100000e+02   7.0787784e+01
   0.0000000e+00   4.1000000e+01   2.5900000e+02   0.0000000e+00   8.6333333e-01   1.0070000e+03   7.0541720e+01
   0.0000000e+00   4.1000000e+01   2.5900000e+02   0.0000000e+00   8.6333333e-01   6.7600000e+02   7.0252346e+01
   0.0000000e+00   4.1000000e+01   2.5900000e+02   0.0000000e+00   8.6333333e-01   9.1500000e+02   7.0143878e+01
   0.0000000e+00   4.1000000e+01   2.5900000e+02   0.0000000e+00   8.6333333e-01   3.2700000e+02   7.0282258e+01
   0.0000000e+00   4.1000000e+01   2.5900000e+02   0.0000000e+00   8.6333333e-01   4.3400000e+02   7.0681096e+01
   0.0000000e+00   4.1000000e+01   2.5900000e+02   0.0000000e+00   8.6333333e-01   2.9940000e+03   7.0412955e+01
   0.0000000e+00   4.1000000e+01   2.5900000e+02   0.0000000e+00   8.6333333e-01   5.6500000e+02   7.0546093e+01
   0.0000000e+00   4.1000000e+01   2.5900000e+02   0.0000000e+00   8.6333333e-01   1.3930000e+03   7.0299701e+01
   0.0000000e+00   4.1000000e+01   2.5900000e+02   0.0000000e+00   8.6333333e-01   6.1600000e+02   7.0567292e+01
   0.0000000e+00   4.1000000e+01   2.5900000e+02   0.0000000e+00   8.6333333e-01   5.6100000e+02   7.0348276e+01
   0.0000000e+00   4.1000000e+01   2.5800000e+02   1.0000000e+00   8.6000000e-01   4.8200000e+02   7.1691594e+01
   0.0000000e+00   4.1000000e+01   2.5900000e+02   0.0000000e+00   8.6333333e-01   6.3600000e+02   7.0289655e+01
   0.0000000e+00   4.1000000e+01   2.5900000e+02   0.0000000e+00   8.6333333e-01   8.9300000e+02   7.0684325e+01
   0.0000000e+00   4.1000000e+01   2.5900000e+02   0.0000000e+00   8.6333333e-01   7.2600000e+02   7.0425318e+01
   0.0000000e+00   4.1000000e+01   2.5900000e+02   0.0000000e+00   8.6333333e-01   2.5170000e+03   7.0667260e+01
   0.0000000e+00   4.1000000e+01   2.5900000e+02   0.0000000e+00   8.6333333e-01   2.3900000e+02   7.0496374e+01
   0.0000000e+00   4.1000000e+01   2.5900000e+02   0.0000000e+00   8.6333333e-01   1.6140000e+03   7.0272098e+01
   0.0000000e+00   4.1000000e+01   2.5900000e+02   0.0000000e+00   8.6333333e-01   9.6100000e+02   7.0436325e+01
   0.0000000e+00   4.1000000e+01   2.5900000e+02   0.0000000e+00   8.6333333e-01   8.9700000e+02   7.0475532e+01
   0.0000000e+00   4.1000000e+01   2.5900000e+02   0.0000000e+00   8.6333333e-01   9.9700000e+02   7.0496063e+01
   0.0000000e+00   4.1000000e+01   2.5900000e+02   0.0000000e+00   8.6333333e-01   1.0570000e+03   7.0739469e+01
   0.0000000e+00   4.1000000e+01   2.5900000e+02   0.0000000e+00   8.6333333e-01   6.3800000e+02   7.0597601e+01
   0.0000000e+00   4.1000000e+01   2.5900000e+02   0.0000000e+00   8.6333333e-01   1.2400000e+03   7.0513312e+01
   0.0000000e+00   4.1000000e+01   2.5900000e+02   0.0000000e+00   8.6333333e-01   6.9500000e+02   7.0610132e+01
   0.0000000e+00   4.1000000e+01   2.5900000e+02   0.0000000e+00   8.6333333e-01   6.8300000e+02   7.0594709e+01
   0.0000000e+00   4.1000000e+01   2.5900000e+02   0.0000000e+00   8.6333333e-01   1.1200000e+03   7.0685161e+01
   0.0000000e+00   4.1000000e+01   2.5900000e+02   0.0000000e+00   8.6333333e-01   1.0050000e+03   7.0745191e+01
   0.0000000e+00   4.1000000e+01   2.5900000e+02   0.0000000e+00   8.6333333e-01   7.0600000e+02   7.0392071e+01
   0.0000000e+00   4.1000000e+01   2.5900000e+02   0.0000000e+00   8.6333333e-01   8.9000000e+02   7.0521092e+01
   0.0000000e+00   4.1000000e+01   2.5900000e+02   0.0000000e+00   8.6333333e-01   1.0140000e+03   7.0576739e+01
