   0.0000000e+00   4.1000000e+01   2.5900000e+02   0.0000000e+00   8.6333333e-01   4.1100000e+02   7.0702506e+01
   0.0000000e+00   4.1000000e+01   2.5900000e+02   0.0000000e+00   8.6333333e-01   6.1000000e+02   7.0662869e+01
   0.0000000e+00   4.1000000e+01   2.5900000e+02   0.0000000e+00   8.6333333e-01   9.8900000e+02   7.0537512e+01
   0.0000000e+00   4.1000000e+01   2.5900000e+02   0.0000000e+00   8.6333333e-01   3.0000000e+02   7.0636410e+01
   0.0000000e+00   4.1000000e+01   2.5900000e+02   0.0000000e+00   8.6333333e-01   6.3300000e+02   7.0631551e+01
   0.0000000e+00   4.1000000e+01   2.5900000e+02   0.0000000e+00   8.6333333e-01   6.7500000e+02   7.0774919e+01
   0.0000000e+00   4.1000000e+01   2.5900000e+02   0.0000000e+00   8.6333333e-01   1.3000000e+03   7.0651449e+01
   0.0000000e+00   4.1000000e+01   2.5900000e+02   0.0000000e+00   8.6333333e-01   6.4300000e+02   7.0525767e+01
   0.0000000e+00   4.1000000e+01   2.5900000e+02   0.0000000e+00   8.6333333e-01   4.8700000e+02   7.0917740e+01
   0.0000000e+00   4.1000000e+01   2.5900000e+02   0.0000000e+00   8.6333333e-01   4.9400000e+02   7.0650354e+01
   0.0000000e+00   4.1000000e+01   2.5900000e+02   0.0000000e+00   8.6333333e-01   1.0240000e+03   7.0612463e+01
   0.0000000e+00   4.1000000e+01   2.5900000e+02   0.0000000e+00   8.6333333e-01   2.3300000e+02   7.0804934e+01
   0.0000000e+00   4.1000000e+01   2.5900000e+02   0.0000000e+00   8.6333333e-01   5.1300000e+02   7.0748040e+01
   0.0000000e+00   4.1000000e+01   2.5900000e+02   0.0000000e+00   8.6333333e-01   2.9200000e+02   7.0988316e+01
   0.0000000e+00   4.1000000e+01   2.5900000e+02   0.0000000e+00   8.6333333e-01   6.8000000e+02   7.0925910e+01
   0.0000000e+00   4.1000000e+01   2.5900000e+02   0.0000000e+00   8.6333333e-01   2.9000000e+02   7.0729717e+01
   0.0000000e+00   4.1000000e+01   2.5900000e+02   0.0000000e+00   8.6333333e-01   7.3200000e+02   7.0649469e+01
   0.0000000e+00   4.1000000e+01   2.5900000e+02   0.0000000e+00   8.6333333e-01   4.7500000e+02   7.0680337e+01
   0.0000000e+00   4.1000000e+01   2.5900000e+02   0.0000000e+00   8.6333333e-01   1.0070000e+03   7.0523139e+01
   0.0000000e+00   4.1000000e+01   2.5900000e+02   0.0000000e+00   8.6333333e-01   7.7400000e+02   7.0536901e+01
   0.0000000e+00   4.1000000e+01   2.5900000e+02   0.0000000e+00   8.6333333e-01   1.3020000e+03   7.0550147e+01
   0.0000000e+00   4.1000000e+01   2.5900000e+02   0.0000000e+00   8.6333333e-01   6.4600000e+02   7.0552591e+01
   0.0000000e+00   4.1000000e+01   2.5900000e+02   0.0000000e+00   8.6333333e-01   5.5500000e+02   7.0694659e+01
   0.0000000e+00   4.1000000e+01   2.5900000e+02   0.0000000e+00   8.6333333e-01   4.3800000e+02   7.0546852e+01
   0.0000000e+00   4.1000000e+01   2.5900000e+02   0.0000000e+00   8.6333333e-01   5.5000000e+02   7.0610047e+01
   0.0000000e+00   4.1000000e+01   2.5900000e+02   0.0000000e+00   8.6333333e-01   8.0200000e+02   7.0544005e+01
   0.0000000e+00   4.1000000e+01   2.5900000e+02   0.0000000e+00   8.6333333e-01   3.6100000e+02   7.0824325e+01
   0.0000000e+00   4.1000000e+01   2.5900000e+02   0.0000000e+00   8.6333333e-01   4.9600000e+02   7.0609563e+01
   0.0000000e+00   4.1000000e+01   2.5900000e+02   0.0000000e+00   8.6333333e-01   3.2200000e+02   7.0882590e+01
   0.0000000e+00   4.1000000e+01   2.5900000e+02   0.0000000e+00   8.6333333e-01   4.7800000e+02   7.0566332e+01
   0.0000000e+00   4.1000000e+01   2.5900000e+02   0.0000000e+00   8.6333333e-01   3.4400000e+02   7.0862414e+01
   0.0000000e+00   4.1000000e+01   2.5900000e+02   0.0000000e+00   8.6333333e-01   8.2000000e+02   7.0604028e+01
   0.0000000e+00   4.1000000e+01   2.5900000e+02   0.0000000e+00   8.6333333e-01   1.3030000e+03   7.0711695e+01
   0.0000000e+00   4.1000000e+01   2.5900000e+02   0.0000000e+00   8.6333333e-01   4.3000000e+02   7.0548235e+01
   0.0000000e+00   4.1000000e+01   2.5900000e+02   0.0000000e+00   8.6333333e-01   5.1800000e+02   7.0725310e+01
   0.0000000e+00   4.1000000e+01   2.5900000e+02   0.0000000e+00   8.6333333e-01   4.6800000e+02   7.0542376e+01
   0.0000000e+00   4.1000000e+01   2.5900000e+02   0.0000000e+00   8.6333333e-01   1.2760000e+03   7.0657453e+01
   0.0000000e+00   4.1000000e+01   2.5900000e+02   0.0000000e+00   8.6333333e-01   5.1000000e+02   7.0758584e+01
   0.0000000e+00   4.1000000e+01   2.5900000e+02   0.0000000e+00   8.6333333e-01   1.0580000e+03   7.0871424e+01
   0.0000000e+00   4.1000000e+01   2.5900000e+02   0.0000000e+00   8.6333333e-01   6.2300000e+02   7.0661153e+01
   0.0000000e+00   4.1000000e+01   2.5900000e+02   0.0000000e+00   8.6333333e-01   3.5800000e+02   7.0608569e+01
   0.0000000e+00   4.1000000e+01   2.5900000e+02   0.0000000e+00   8.6333333e-01   9.1700000e+02   7.0678658e+01
   0.0000000e+00   4.1000000e+01   2.5900000e+02   0.0000000e+00   8.6333333e-01   9.5700000e+02   7.0720011e+01
   0.0000000e+00   4.1000000e+01   2.5900000e+02   0.0000000e+00   8.6333333e-01   6.0500000e+02   7.0917293e+01
   0.0000000e+00   4.1000000e+01   2.5900000e+02   0.0000000e+00   8.6333333e-01   1.6650000e+03   7.0611336e+01
   0.0000000e+00   4.1000000e+01   2.5900000e+02   0.0000000e+00   8.6333333e-01   5.6000000e+02   7.0654907e+01
   0.0000000e+00   4.1000000e+01   2.5900000e+02   0.0000000e+00   8.6333333e-01   3.2900000e+02   7.1081080e+01
   0.0000000e+00   4.1000000e+01   2.5900000e+02   0.0000000e+00   8.6333333e-01   4.2300000e+02   7.0622767e+01
   0.0000000e+00   4.1000000e+01   2.5900000e+02   0.0000000e+00   8.6333333e-01   1.0240000e+03   7.0734484e+01
   0.0000000e+00   4.1000000e+01   2.5900000e+02   0.0000000e+00   8.6333333e-01   4.9000000e+02   7.0628513e+01
   0.0000000e+00   4.1000000e+01   2.5900000e+02   0.0000000e+00   8.6333333e-01   8.7500000e+02   7.0666101e+01
   0.0000000e+00   4.1000000e+01   2.5900000e+02   0.0000000e+00   8.6333333e-01   3.3400000e+02   7.0621676e+01
   0.0000000e+00   4.1000000e+01   2.5900000e+02   0.0000000e+00   8.6333333e-01   3.6400000e+02   7.0669688e+01
   0.0000000e+00   4.1000000e+01   2.5900000e+02   0.0000000e+00   8.6333333e-01   1.3370000e+03   7.0669287e+01
   0.0000000e+00   4.1000000e+01   2.5900000e+02   0.0000000e+00   8.6333333e-01   7.5600000e+02   7.0637177e+01
   0.0000000e+00   4.1000000e+01   2.5900000e+02   0.0000000e+00   8.6333333e-01   1.0930000e+03   7.0633443e+01
   0.0000000e+00   4.1000000e+01   2.5900000e+02   0.0000000e+00   8.6333333e-01   2.7600000e+02   7.0625455e+01
   0.0000000e+00   4.1000000e+01   2.5900000e+02   0.0000000e+00   8.6333333e-01   5.1900000e+02   7.0726497e+01
   0.0000000e+00   4.1000000e+01   2.5900000e+02   0.0000000e+00   8.6333333e-01   4.7800000e+02   7.0792067e+01
   0.0000000e+00   4.1000000e+01   2.5900000e+02   0.0000000e+00   8.6333333e-01   4.7700000e+02   7.0753381e+01
   0.0000000e+00   4.1000000e+01   2.5900000e+02   0.0000000e+00   8.6333333e-01   1.2950000e+03   7.0631797e+01
   0.0000000e+00   4.1000000e+01   2.5900000e+02   0.0000000e+00   8.6333333e-01   4.7200000e+02   7.0580517e+01
   0.0000000e+00   4.1000000e+01   2.5900000e+02   0.0000000e+00   8.6333333e-01   7.2300000e+02   7.0505522e+01
   0.0000000e+00   4.1000000e+01   2.5900000e+02   0.0000000e+00   8.6333333e-01   1.3890000e+03   7.0635222e+01
   0.0000000e+00   4.1000000e+01   2.5900000e+02   0.0000000e+00   8.6333333e-01   4.3300000e+02   7.0711887e+01
   0.0000000e+00   4.1000000e+01   2.5900000e+02   0.0000000e+00   8.6333333e-01   6.4000000e+02   7.0677871e+01
   0.0000000e+00   4.1000000e+01   2.5900000e+02   0.0000000e+00   8.6333333e-01   6.9900000e+02   7.0518846e+01
   0.0000000e+00   4.1000000e+01   2.5900000e+02   0.0000000e+00   8.6333333e-01   1.4670000e+03   7.0644326e+01
   0.0000000e+00   4.1000000e+01   2.5900000e+02   0.0000000e+00   8.6333333e-01   1.2990000e+03   7.0645984e+01
   0.0000000e+00   4.1000000e+01   2.5900000e+02   0.0000000e+00   8.6333333e-01   1.4090000e+03   7.0668721e+01
   0.0000000e+00   4.1000000e+01   2.5900000e+02   0.0000000e+00   8.6333333e-01   1.2720000e+03   7.0576737e+01
   0.0000000e+00   4.1000000e+01   2.5900000e+02   0.0000000e+00   8.6333333e-01   7.2900000e+02   7.0855623e+01
   0.0000000e+00   4.1000000e+01   2.5900000e+02   0.0000000e+00   8.6333333e-01   3.0300000e+02   7.0662015e+01
   0.0000000e+00   4.1000000e+01   2.5900000e+02   0.0000000e+00   8.6333333e-01   5.6200000e+02   7.0731319e+01
   0.0000000e+00   4.1000000e+01   2.5900000e+02   0.0000000e+00   8.6333333e-01   6.2900000e+02   7.0623499e+01
   0.0000000e+00   4.1000000e+01   2.5900000e+02   0.0000000e+00   8.6333333e-01   4.5600000e+02   7.0635427e+01
   0.0000000e+00   4.1000000e+01   2.5900000e+02   0.0000000e+00   8.6333333e-01   3.2400000e+02   7.0662032e+01
   0.0000000e+00   4.1000000e+01   2.5900000e+02   0.0000000e+00   8.6333333e-01   6.1800000e+02   7.0728704e+01
   0.0000000e+00   4.1000000e+01   2.5900000e+02   0.0000000e+00   8.6333333e-01   4.6300000e+02   7.0685948e+01
   0.0000000e+00   4.1000000e+01   2.5900000e+02   0.0000000e+00   8.6333333e-01   7.4100000e+02   7.0856310e+01
   0.0000000e+00   4.1000000e+01   2.5900000e+02   0.0000000e+00   8.6333333e-01   1.1430000e+03   7.0556171e+01
   0.0000000e+00   4.1000000e+01   2.5900000e+02   0.0000000e+00   8.6333333e-01   5.8900000e+02   7.0534002e+01
   0.0000000e+00   4.1000000e+01   2.5900000e+02   0.0000000e+00   8.6333333e-01   4.0600000e+02   7.0602420e+01
   0.0000000e+00   4.1000000e+01   2.5900000e+02   0.0000000e+00   8.6333333e-01   4.7000000e+02   7.0509273e+01
   0.0000000e+00   4.1000000e+01   2.5900000e+02   0.0000000e+00   8.6333333e-01   4.0600000e+02   7.1032655e+01
   0.0000000e+00   4.1000000e+01   2.5900000e+02   0.0000000e+00   8.6333333e-01   5.7100000e+02   7.0679854e+01
   0.0000000e+00   4.1000000e+01   2.5900000e+02   0.0000000e+00   8.6333333e-01   1.7970000e+03   7.0640734e+01
   0.0000000e+00   4.1000000e+01   2.5900000e+02   0.0000000e+00   8.6333333e-01   5.1800000e+02   7.0559713e+01
   0.0000000e+00   4.1000000e+01   2.5900000e+02   0.0000000e+00   8.6333333e-01   8.1500000e+02   7.0606980e+01
   0.0000000e+00   4.1000000e+01   2.5900000e+02   0.0000000e+00   8.6333333e-01   2.9700000e+02   7.0912180e+01
   0.0000000e+00   4.1000000e+01   2.5900000e+02   0.0000000e+00   8.6333333e-01   9.4200000e+02   7.0615870e+01
   0.0000000e+00   4.1000000e+01   2.5900000e+02   0.0000000e+00   8.6333333e-01   1.4740000e+03   7.0548831e+01
   0.0000000e+00   4.1000000e+01   2.5900000e+02   0.0000000e+00   8.6333333e-01   1.0600000e+03   7.0904412e+01
   0.0000000e+00   4.1000000e+01   2.5900000e+02   0.0000000e+00   8.6333333e-01   7.0100000e+02   7.0794250e+01
   0.0000000e+00   4.1000000e+01   2.5900000e+02   0.0000000e+00   8.6333333e-01   4.0600000e+02   7.0643922e+01
   0.0000000e+00   4.1000000e+01   2.5900000e+02   0.0000000e+00   8.6333333e-01   9.7800000e+02   7.0547479e+01
   0.0000000e+00   4.1000000e+01   2.5900000e+02   0.0000000e+00   8.6333333e-01   5.4100000e+02   7.0766303e+01
   0.0000000e+00   4.1000000e+01   2.5900000e+02   0.0000000e+00   8.6333333e-01   4.0200000e+02   7.0556907e+01
   0.0000000e+00   4.1000000e+01   2.5900000e+02   0.0000000e+00   8.6333333e-01   2.8200000e+02   7.0628185e+01
   0.0000000e+00   4.1000000e+01   2.5900000e+02   0.0000000e+00   8.6333333e-01   3.9100000e+02   7.0594855e+01
