   0.0000000e+00   4.7000000e+01   2.5300000e+02   0.0000000e+00   8.4333333e-01   9.8600000e+02   7.7590313e+01
   0.0000000e+00   4.7000000e+01   2.5300000e+02   0.0000000e+00   8.4333333e-01   1.5240000e+03   7.7743284e+01
   0.0000000e+00   4.7000000e+01   2.5300000e+02   0.0000000e+00   8.4333333e-01   3.9600000e+02   7.5776386e+01
   0.0000000e+00   4.7000000e+01   2.5300000e+02   0.0000000e+00   8.4333333e-01   1.0910000e+03   7.7475293e+01
   0.0000000e+00   4.7000000e+01   2.5300000e+02   0.0000000e+00   8.4333333e-01   4.6200000e+02   7.7017308e+01
   0.0000000e+00   4.7000000e+01   2.5300000e+02   0.0000000e+00   8.4333333e-01   6.5100000e+02   7.7026980e+01
   0.0000000e+00   4.7000000e+01   2.5300000e+02   0.0000000e+00   8.4333333e-01   1.3810000e+03   7.7466104e+01
   0.0000000e+00   4.7000000e+01   2.5300000e+02   0.0000000e+00   8.4333333e-01   3.1200000e+02   7.7484545e+01
   0.0000000e+00   4.7000000e+01   2.5300000e+02   0.0000000e+00   8.4333333e-01   8.3500000e+02   7.7308370e+01
   0.0000000e+00   4.7000000e+01   2.5300000e+02   0.0000000e+00   8.4333333e-01   7.5200000e+02   7.7092459e+01
   0.0000000e+00   4.7000000e+01   2.5300000e+02   0.0000000e+00   8.4333333e-01   5.6500000e+02   7.7996153e+01
   0.0000000e+00   4.7000000e+01   2.5300000e+02   0.0000000e+00   8.4333333e-01   7.5700000e+02   7.7597498e+01
   0.0000000e+00   4.7000000e+01   2.5300000e+02   0.0000000e+00   8.4333333e-01   1.0500000e+03   7.7678290e+01
   0.0000000e+00   4.7000000e+01   2.5300000e+02   0.0000000e+00   8.4333333e-01   4.8100000e+02   7.7065227e+01
   0.0000000e+00   4.7000000e+01   2.5300000e+02   0.0000000e+00   8.4333333e-01   8.5000000e+02   7.9175660e+01
   0.0000000e+00   4.7000000e+01   2.5300000e+02   0.0000000e+00   8.4333333e-01   9.1300000e+02   7.7116814e+01
   0.0000000e+00   4.7000000e+01   2.5300000e+02   0.0000000e+00   8.4333333e-01   6.8600000e+02   7.7281306e+01
   0.0000000e+00   4.7000000e+01   2.5300000e+02   0.0000000e+00   8.4333333e-01   7.4400000e+02   7.7045113e+01
   0.0000000e+00   4.7000000e+01   2.5300000e+02   0.0000000e+00   8.4333333e-01   8.1200000e+02   7.7341007e+01
   0.0000000e+00   4.7000000e+01   2.5300000e+02   0.0000000e+00   8.4333333e-01   1.1020000e+03   7.7090915e+01
   0.0000000e+00   4.7000000e+01   2.5300000e+02   0.0000000e+00   8.4333333e-01   4.3200000e+02   7.7431297e+01
   0.0000000e+00   4.7000000e+01   2.5300000e+02   0.0000000e+00   8.4333333e-01   5.7700000e+02   7.7814322e+01
   0.0000000e+00   4.7000000e+01   2.5300000e+02   0.0000000e+00   8.4333333e-01   5.3800000e+02   7.7518736e+01
   0.0000000e+00   4.7000000e+01   2.5300000e+02   0.0000000e+00   8.4333333e-01   8.2600000e+02   7.7182861e+01
   0.0000000e+00   4.7000000e+01   2.5300000e+02   0.0000000e+00   8.4333333e-01   5.9900000e+02   7.7646505e+01
   0.0000000e+00   4.7000000e+01   2.5300000e+02   0.0000000e+00   8.4333333e-01   4.3000000e+02   7.8244759e+01
   0.0000000e+00   4.7000000e+01   2.5300000e+02   0.0000000e+00   8.4333333e-01   1.3030000e+03   7.7018223e+01
   0.0000000e+00   4.7000000e+01   2.5300000e+02   0.0000000e+00   8.4333333e-01   4.1500000e+02   7.7438072e+01
   0.0000000e+00   4.7000000e+01   2.5300000e+02   0.0000000e+00   8.4333333e-01   1.5590000e+03   7.6935741e+01
   0.0000000e+00   4.7000000e+01   2.5200000e+02   1.0000000e+00   8.4000000e-01   7.6300000e+02   7.7473245e+01
   0.0000000e+00   4.7000000e+01   2.5300000e+02   0.0000000e+00   8.4333333e-01   4.9500000e+02   7.7091856e+01
   0.0000000e+00   4.7000000e+01   2.5300000e+02   0.0000000e+00   8.4333333e-01   1.0110000e+03   7.7076962e+01
   0.0000000e+00   4.7000000e+01   2.5300000e+02   0.0000000e+00   8.4333333e-01   9.9800000e+02   7.7390652e+01
   0.0000000e+00   4.7000000e+01   2.5300000e+02   0.0000000e+00   8.4333333e-01   8.4000000e+02   7.7548771e+01
   0.0000000e+00   4.7000000e+01   2.5300000e+02   0.0000000e+00   8.4333333e-01   7.2400000e+02   7.7550198e+01
   0.0000000e+00   4.7000000e+01   2.5300000e+02   0.0000000e+00   8.4333333e-01   5.3000000e+02   7.7255043e+01
   0.0000000e+00   4.7000000e+01   2.5300000e+02   0.0000000e+00   8.4333333e-01   3.8800000e+02   7.7314442e+01
   0.0000000e+00   4.7000000e+01   2.5300000e+02   0.0000000e+00   8.4333333e-01   6.4000000e+02   7.7164504e+01
   0.0000000e+00   4.7000000e+01   2.5300000e+02   0.0000000e+00   8.4333333e-01   6.6900000e+02   7.7625922e+01
   0.0000000e+00   4.7000000e+01   2.5300000e+02   0.0000000e+00   8.4333333e-01   6.7000000e+02   7.7172362e+01
   0.0000000e+00   4.7000000e+01   2.5300000e+02   0.0000000e+00   8.4333333e-01   4.0100000e+02   7.8261532e+01
   0.0000000e+00   4.7000000e+01   2.5300000e+02   0.0000000e+00   8.4333333e-01   6.5700000e+02   7.7513038e+01
   0.0000000e+00   4.7000000e+01   2.5300000e+02   0.0000000e+00   8.4333333e-01   1.1320000e+03   7.7029730e+01
   0.0000000e+00   4.7000000e+01   2.5300000e+02   0.0000000e+00   8.4333333e-01   5.0000000e+02   7.7215940e+01
   0.0000000e+00   4.7000000e+01   2.5300000e+02   0.0000000e+00   8.4333333e-01   8.6400000e+02   7.7256570e+01
   0.0000000e+00   4.7000000e+01   2.5300000e+02   0.0000000e+00   8.4333333e-01   5.2700000e+02   7.6986545e+01
   0.0000000e+00   4.7000000e+01   2.5300000e+02   0.0000000e+00   8.4333333e-01   2.0370000e+03   7.7057976e+01
   0.0000000e+00   4.7000000e+01   2.5300000e+02   0.0000000e+00   8.4333333e-01   1.1690000e+03   7.7670873e+01
   0.0000000e+00   4.7000000e+01   2.5300000e+02   0.0000000e+00   8.4333333e-01   5.3100000e+02   7.7374789e+01
   0.0000000e+00   4.7000000e+01   2.5300000e+02   0.0000000e+00   8.4333333e-01   4.9400000e+02   7.7074691e+01
   0.0000000e+00   4.7000000e+01   2.5300000e+02   0.0000000e+00   8.4333333e-01   4.9500000e+02   7.7556375e+01
   0.0000000e+00   4.7000000e+01   2.5300000e+02   0.0000000e+00   8.4333333e-01   8.6600000e+02   7.7047974e+01
   0.0000000e+00   4.7000000e+01   2.5300000e+02   0.0000000e+00   8.4333333e-01   7.5900000e+02   7.6918362e+01
   0.0000000e+00   4.7000000e+01   2.5300000e+02   0.0000000e+00   8.4333333e-01   3.5700000e+02   7.8709721e+01
   0.0000000e+00   4.7000000e+01   2.5300000e+02   0.0000000e+00   8.4333333e-01   1.0780000e+03   7.7258495e+01
   0.0000000e+00   4.7000000e+01   2.5300000e+02   0.0000000e+00   8.4333333e-01   6.2400000e+02   7.7718768e+01
   0.0000000e+00   4.7000000e+01   2.5300000e+02   0.0000000e+00   8.4333333e-01   2.1550000e+03   7.6641134e+01
   0.0000000e+00   4.7000000e+01   2.5300000e+02   0.0000000e+00   8.4333333e-01   8.7200000e+02   7.7270710e+01
   0.0000000e+00   4.7000000e+01   2.5300000e+02   0.0000000e+00   8.4333333e-01   2.0800000e+03   7.7706073e+01
   0.0000000e+00   4.7000000e+01   2.5300000e+02   0.0000000e+00   8.4333333e-01   7.4900000e+02   7.7448995e+01
   0.0000000e+00   4.7000000e+01   2.5300000e+02   0.0000000e+00   8.4333333e-01   5.6500000e+02   7.7361730e+01
   0.0000000e+00   4.7000000e+01   2.5300000e+02   0.0000000e+00   8.4333333e-01   1.6080000e+03   7.6922423e+01
   0.0000000e+00   4.7000000e+01   2.5300000e+02   0.0000000e+00   8.4333333e-01   7.6300000e+02   7.8210372e+01
   0.0000000e+00   4.7000000e+01   2.5300000e+02   0.0000000e+00   8.4333333e-01   1.0930000e+03   7.6787984e+01
   0.0000000e+00   4.7000000e+01   2.5300000e+02   0.0000000e+00   8.4333333e-01   5.7900000e+02   7.7493081e+01
   0.0000000e+00   4.7000000e+01   2.5200000e+02   1.0000000e+00   8.4000000e-01   1.1530000e+03   7.7220589e+01
   0.0000000e+00   4.7000000e+01   2.5300000e+02   0.0000000e+00   8.4333333e-01   5.0000000e+02   7.7141381e+01
   0.0000000e+00   4.7000000e+01   2.5300000e+02   0.0000000e+00   8.4333333e-01   5.2000000e+02   7.7625116e+01
   0.0000000e+00   4.7000000e+01   2.5300000e+02   0.0000000e+00   8.4333333e-01   4.5000000e+02   7.8423825e+01
   0.0000000e+00   4.7000000e+01   2.5300000e+02   0.0000000e+00   8.4333333e-01   3.9900000e+02   7.6658453e+01
   0.0000000e+00   4.7000000e+01   2.5300000e+02   0.0000000e+00   8.4333333e-01   8.8000000e+02   7.6851404e+01
   0.0000000e+00   4.7000000e+01   2.5300000e+02   0.0000000e+00   8.4333333e-01   3.1200000e+02   7.7056627e+01
   0.0000000e+00   4.7000000e+01   2.5300000e+02   0.0000000e+00   8.4333333e-01   4.1800000e+02   7.7341167e+01
   0.0000000e+00   4.7000000e+01   2.5300000e+02   0.0000000e+00   8.4333333e-01   5.2200000e+02   7.7003749e+01
   0.0000000e+00   4.7000000e+01   2.5300000e+02   0.0000000e+00   8.4333333e-01   3.3500000e+02   7.7015590e+01
   0.0000000e+00   4.7000000e+01   2.5300000e+02   0.0000000e+00   8.4333333e-01   4.5800000e+02   7.7353030e+01
   0.0000000e+00   4.7000000e+01   2.5300000e+02   0.0000000e+00   8.4333333e-01   6.2100000e+02   7.7522149e+01
   0.0000000e+00   4.7000000e+01   2.5300000e+02   0.0000000e+00   8.4333333e-01   4.6700000e+02   7.6990160e+01
   0.0000000e+00   4.7000000e+01   2.5300000e+02   0.0000000e+00   8.4333333e-01   6.1700000e+02   7.7288586e+01
   0.0000000e+00   4.7000000e+01   2.5300000e+02   0.0000000e+00   8.4333333e-01   5.7400000e+02   7.7173778e+01
   0.0000000e+00   4.7000000e+01   2.5300000e+02   0.0000000e+00   8.4333333e-01   4.9500000e+02   7.8461143e+01
   0.0000000e+00   4.7000000e+01   2.5300000e+02   0.0000000e+00   8.4333333e-01   1.9050000e+03   7.7415879e+01
   0.0000000e+00   4.7000000e+01   2.5300000e+02   0.0000000e+00   8.4333333e-01   4.7300000e+02   7.6952956e+01
   0.0000000e+00   4.7000000e+01   2.5300000e+02   0.0000000e+00   8.4333333e-01   8.6100000e+02   7.7616383e+01
   0.0000000e+00   4.7000000e+01   2.5300000e+02   0.0000000e+00   8.4333333e-01   8.7600000e+02   7.7099043e+01
   0.0000000e+00   4.7000000e+01   2.5300000e+02   0.0000000e+00   8.4333333e-01   6.6000000e+02   7.6909578e+01
   0.0000000e+00   4.7000000e+01   2.5300000e+02   0.0000000e+00   8.4333333e-01   7.2500000e+02   7.7016029e+01
   0.0000000e+00   4.7000000e+01   2.5300000e+02   0.0000000e+00   8.4333333e-01   1.0650000e+03   7.7271051e+01
   0.0000000e+00   4.7000000e+01   2.5300000e+02   0.0000000e+00   8.4333333e-01   3.5000000e+02   7.7594783e+01
   0.0000000e+00   4.7000000e+01   2.5300000e+02   0.0000000e+00   8.4333333e-01   1.9620000e+03   7.7241221e+01
   0.0000000e+00   4.7000000e+01   2.5300000e+02   0.0000000e+00   8.4333333e-01   6.8900000e+02   7.7862079e+01
   0.0000000e+00   4.7000000e+01   2.5300000e+02   0.0000000e+00   8.4333333e-01   1.3970000e+03   7.7836168e+01
   0.0000000e+00   4.7000000e+01   2.5300000e+02   0.0000000e+00   8.4333333e-01   1.2720000e+03   7.6985858e+01
   0.0000000e+00   4.7000000e+01   2.5300000e+02   0.0000000e+00   8.4333333e-01   5.5700000e+02   7.7327044e+01
   0.0000000e+00   4.7000000e+01   2.5300000e+02   0.0000000e+00   8.4333333e-01   8.6300000e+02   7.6855855e+01
   0.0000000e+00   4.7000000e+01   2.5300000e+02   0.0000000e+00   8.4333333e-01   8.6100000e+02   7.7464536e+01
   0.0000000e+00   4.7000000e+01   2.5300000e+02   0.0000000e+00   8.4333333e-01   4.9700000e+02   7.6987328e+01
   0.0000000e+00   4.7000000e+01   2.5300000e+02   0.0000000e+00   8.4333333e-01   5.6200000e+02   7.7447246e+01
   0.0000000e+00   4.7000000e+01   2.5300000e+02   0.0000000e+00   8.4333333e-01   1.2100000e+03   7.6977094e+01
   0.0000000e+00   4.7000000e+01   2.5300000e+02   0.0000000e+00   8.4333333e-01   5.1400000e+02   7.7358007e+01
