   0.0000000e+00   4.7000000e+01   2.5300000e+02   0.0000000e+00   8.4333333e-01   2.5100000e+02   7.9293293e+01
   0.0000000e+00   4.7000000e+01   2.5300000e+02   0.0000000e+00   8.4333333e-01   2.1200000e+02   7.9275645e+01
   0.0000000e+00   4.7000000e+01   2.5300000e+02   0.0000000e+00   8.4333333e-01   3.8200000e+02   7.9134090e+01
   0.0000000e+00   4.7000000e+01   2.5300000e+02   0.0000000e+00   8.4333333e-01   2.3700000e+02   7.9216306e+01
   0.0000000e+00   4.7000000e+01   2.5300000e+02   0.0000000e+00   8.4333333e-01   3.3800000e+02   7.9234224e+01
   0.0000000e+00   4.7000000e+01   2.5300000e+02   0.0000000e+00   8.4333333e-01   2.5200000e+02   7.9087763e+01
   0.0000000e+00   4.7000000e+01   2.5300000e+02   0.0000000e+00   8.4333333e-01   3.1600000e+02   7.9262180e+01
   0.0000000e+00   4.7000000e+01   2.5300000e+02   0.0000000e+00   8.4333333e-01   3.2300000e+02   7.9160738e+01
   0.0000000e+00   4.7000000e+01   2.5300000e+02   0.0000000e+00   8.4333333e-01   3.4000000e+02   7.9121151e+01
   0.0000000e+00   4.7000000e+01   2.5300000e+02   0.0000000e+00   8.4333333e-01   2.9100000e+02   7.9256835e+01
   0.0000000e+00   4.7000000e+01   2.5300000e+02   0.0000000e+00   8.4333333e-01   3.0400000e+02   7.9153751e+01
   0.0000000e+00   4.7000000e+01   2.5300000e+02   0.0000000e+00   8.4333333e-01   3.0900000e+02   7.9438056e+01
   0.0000000e+00   4.7000000e+01   2.5300000e+02   0.0000000e+00   8.4333333e-01   3.1300000e+02   7.9167323e+01
   0.0000000e+00   4.7000000e+01   2.5300000e+02   0.0000000e+00   8.4333333e-01   2.7200000e+02   7.9197356e+01
   0.0000000e+00   4.7000000e+01   2.5300000e+02   0.0000000e+00   8.4333333e-01   4.0400000e+02   7.9959108e+01
   0.0000000e+00   4.7000000e+01   2.5300000e+02   0.0000000e+00   8.4333333e-01   2.9200000e+02   7.9206520e+01
   0.0000000e+00   4.7000000e+01   2.5300000e+02   0.0000000e+00   8.4333333e-01   3.3200000e+02   7.9194953e+01
   0.0000000e+00   4.7000000e+01   2.5300000e+02   0.0000000e+00   8.4333333e-01   2.8300000e+02   7.9681187e+01
   0.0000000e+00   4.7000000e+01   2.5300000e+02   0.0000000e+00   8.4333333e-01   3.7600000e+02   7.9189661e+01
   0.0000000e+00   4.7000000e+01   2.5300000e+02   0.0000000e+00   8.4333333e-01   1.3600000e+02   7.9187228e+01
   0.0000000e+00   4.7000000e+01   2.5300000e+02   0.0000000e+00   8.4333333e-01   2.0000000e+02   7.9066631e+01
   0.0000000e+00   4.7000000e+01   2.5300000e+02   0.0000000e+00   8.4333333e-01   2.2100000e+02   7.9465438e+01
   0.0000000e+00   4.7000000e+01   2.5300000e+02   0.0000000e+00   8.4333333e-01   2.5700000e+02   7.9194366e+01
   0.0000000e+00   4.7000000e+01   2.5300000e+02   0.0000000e+00   8.4333333e-01   3.4000000e+02   7.9288180e+01
   0.0000000e+00   4.7000000e+01   2.5300000e+02   0.0000000e+00   8.4333333e-01   3.6400000e+02   7.9756947e+01
   0.0000000e+00   4.7000000e+01   2.5300000e+02   0.0000000e+00   8.4333333e-01   4.1300000e+02   7.9379661e+01
   0.0000000e+00   4.7000000e+01   2.5300000e+02   0.0000000e+00   8.4333333e-01   2.7200000e+02   7.9254338e+01
   0.0000000e+00   4.7000000e+01   2.5300000e+02   0.0000000e+00   8.4333333e-01   3.7800000e+02   7.9202395e+01
   0.0000000e+00   4.7000000e+01   2.5300000e+02   0.0000000e+00   8.4333333e-01   2.1200000e+02   7.9599730e+01
   0.0000000e+00   4.7000000e+01   2.5300000e+02   0.0000000e+00   8.4333333e-01   3.3500000e+02   7.9177323e+01
   0.0000000e+00   4.7000000e+01   2.5300000e+02   0.0000000e+00   8.4333333e-01   2.3700000e+02   7.9178100e+01
   0.0000000e+00   4.7000000e+01   2.5300000e+02   0.0000000e+00   8.4333333e-01   3.0100000e+02   7.9377429e+01
   0.0000000e+00   4.7000000e+01   2.5300000e+02   0.0000000e+00   8.4333333e-01   2.4100000e+02   7.9348528e+01
   0.0000000e+00   4.7000000e+01   2.5300000e+02   0.0000000e+00   8.4333333e-01   3.6300000e+02   7.9154233e+01
   0.0000000e+00   4.7000000e+01   2.5300000e+02   0.0000000e+00   8.4333333e-01   3.1600000e+02   7.9550965e+01
   0.0000000e+00   4.7000000e+01   2.5300000e+02   0.0000000e+00   8.4333333e-01   3.8900000e+02   7.9186665e+01
   0.0000000e+00   4.7000000e+01   2.5300000e+02   0.0000000e+00   8.4333333e-01   2.8700000e+02   7.9302682e+01
   0.0000000e+00   4.7000000e+01   2.5300000e+02   0.0000000e+00   8.4333333e-01   2.1100000e+02   7.9395711e+01
   0.0000000e+00   4.7000000e+01   2.5300000e+02   0.0000000e+00   8.4333333e-01   3.6300000e+02   7.9437546e+01
   0.0000000e+00   4.7000000e+01   2.5300000e+02   0.0000000e+00   8.4333333e-01   2.7000000e+02   7.9194734e+01
   0.0000000e+00   4.7000000e+01   2.5300000e+02   0.0000000e+00   8.4333333e-01   3.7900000e+02   7.9674303e+01
   0.0000000e+00   4.7000000e+01   2.5300000e+02   0.0000000e+00   8.4333333e-01   2.9700000e+02   7.9193562e+01
   0.0000000e+00   4.7000000e+01   2.5300000e+02   0.0000000e+00   8.4333333e-01   2.6800000e+02   7.9133401e+01
   0.0000000e+00   4.7000000e+01   2.5300000e+02   0.0000000e+00   8.4333333e-01   3.1100000e+02   7.9148598e+01
   0.0000000e+00   4.7000000e+01   2.5300000e+02   0.0000000e+00   8.4333333e-01   2.3000000e+02   7.9136799e+01
   0.0000000e+00   4.7000000e+01   2.5300000e+02   0.0000000e+00   8.4333333e-01   3.1300000e+02   7.9193835e+01
   0.0000000e+00   4.7000000e+01   2.5300000e+02   0.0000000e+00   8.4333333e-01   3.3900000e+02   7.9158030e+01
   0.0000000e+00   4.7000000e+01   2.5300000e+02   0.0000000e+00   8.4333333e-01   2.6700000e+02   7.9351093e+01
   0.0000000e+00   4.7000000e+01   2.5300000e+02   0.0000000e+00   8.4333333e-01   3.5100000e+02   7.9388514e+01
   0.0000000e+00   4.7000000e+01   2.5300000e+02   0.0000000e+00   8.4333333e-01   4.3700000e+02   7.9157504e+01
   0.0000000e+00   4.7000000e+01   2.5300000e+02   0.0000000e+00   8.4333333e-01   2.9600000e+02   7.9139346e+01
   0.0000000e+00   4.7000000e+01   2.5300000e+02   0.0000000e+00   8.4333333e-01   3.5200000e+02   7.9272905e+01
   0.0000000e+00   4.7000000e+01   2.5300000e+02   0.0000000e+00   8.4333333e-01   1.7800000e+02   7.9086577e+01
   0.0000000e+00   4.7000000e+01   2.5300000e+02   0.0000000e+00   8.4333333e-01   2.6800000e+02   7.9253809e+01
   0.0000000e+00   4.7000000e+01   2.5300000e+02   0.0000000e+00   8.4333333e-01   4.3800000e+02   7.9644510e+01
   0.0000000e+00   4.7000000e+01   2.5300000e+02   0.0000000e+00   8.4333333e-01   2.1600000e+02   7.9172555e+01
   0.0000000e+00   4.7000000e+01   2.5300000e+02   0.0000000e+00   8.4333333e-01   3.9600000e+02   7.9217852e+01
   0.0000000e+00   4.7000000e+01   2.5300000e+02   0.0000000e+00   8.4333333e-01   2.3400000e+02   7.9409565e+01
   0.0000000e+00   4.7000000e+01   2.5300000e+02   0.0000000e+00   8.4333333e-01   2.5400000e+02   7.9098570e+01
   0.0000000e+00   4.7000000e+01   2.5300000e+02   0.0000000e+00   8.4333333e-01   3.1700000e+02   7.9274442e+01
   0.0000000e+00   4.7000000e+01   2.5300000e+02   0.0000000e+00   8.4333333e-01   2.2500000e+02   7.9267495e+01
   0.0000000e+00   4.7000000e+01   2.5300000e+02   0.0000000e+00   8.4333333e-01   3.2100000e+02   7.9334046e+01
   0.0000000e+00   4.7000000e+01   2.5300000e+02   0.0000000e+00   8.4333333e-01   3.7000000e+02   7.9352688e+01
   0.0000000e+00   4.7000000e+01   2.5300000e+02   0.0000000e+00   8.4333333e-01   2.1100000e+02   7.9213074e+01
   0.0000000e+00   4.7000000e+01   2.5300000e+02   0.0000000e+00   8.4333333e-01   2.9600000e+02   7.9072102e+01
   0.0000000e+00   4.7000000e+01   2.5300000e+02   0.0000000e+00   8.4333333e-01   3.3700000e+02   7.9175025e+01
   0.0000000e+00   4.7000000e+01   2.5300000e+02   0.0000000e+00   8.4333333e-01   2.4800000e+02   7.9136879e+01
   0.0000000e+00   4.7000000e+01   2.5300000e+02   0.0000000e+00   8.4333333e-01   3.1800000e+02   7.9295188e+01
   0.0000000e+00   4.7000000e+01   2.5300000e+02   0.0000000e+00   8.4333333e-01   2.2400000e+02   7.9196071e+01
   0.0000000e+00   4.7000000e+01   2.5300000e+02   0.0000000e+00   8.4333333e-01   4.0400000e+02   7.9159289e+01
   0.0000000e+00   4.7000000e+01   2.5300000e+02   0.0000000e+00   8.4333333e-01   3.7700000e+02   7.9178209e+01
   0.0000000e+00   4.7000000e+01   2.5300000e+02   0.0000000e+00   8.4333333e-01   3.1100000e+02   7.9247793e+01
   0.0000000e+00   4.7000000e+01   2.5300000e+02   0.0000000e+00   8.4333333e-01   3.3100000e+02   7.9260513e+01
   0.0000000e+00   4.7000000e+01   2.5300000e+02   0.0000000e+00   8.4333333e-01   3.3100000e+02   7.9186911e+01
   0.0000000e+00   4.7000000e+01   2.5300000e+02   0.0000000e+00   8.4333333e-01   3.7500000e+02   7.9129631e+01
   0.0000000e+00   4.7000000e+01   2.5300000e+02   0.0000000e+00   8.4333333e-01   3.5600000e+02   7.9149784e+01
   0.0000000e+00   4.7000000e+01   2.5300000e+02   0.0000000e+00   8.4333333e-01   1.6600000e+02   8.1457693e+01
   0.0000000e+00   4.7000000e+01   2.5300000e+02   0.0000000e+00   8.4333333e-01   3.0400000e+02   7.9174589e+01
   0.0000000e+00   4.7000000e+01   2.5300000e+02   0.0000000e+00   8.4333333e-01   2.7800000e+02   7.9203160e+01
   0.0000000e+00   4.7000000e+01   2.5300000e+02   0.0000000e+00   8.4333333e-01   2.9600000e+02   7.9382057e+01
   0.0000000e+00   4.7000000e+01   2.5300000e+02   0.0000000e+00   8.4333333e-01   3.3600000e+02   7.9277903e+01
   0.0000000e+00   4.7000000e+01   2.5300000e+02   0.0000000e+00   8.4333333e-01   2.6200000e+02   7.9220560e+01
   0.0000000e+00   4.7000000e+01   2.5300000e+02   0.0000000e+00   8.4333333e-01   2.6100000e+02   7.9218585e+01
   0.0000000e+00   4.7000000e+01   2.5300000e+02   0.0000000e+00   8.4333333e-01   4.4800000e+02   7.9294588e+01
   0.0000000e+00   4.7000000e+01   2.5300000e+02   0.0000000e+00   8.4333333e-01   2.2300000e+02   7.9268908e+01
   0.0000000e+00   4.7000000e+01   2.5300000e+02   0.0000000e+00   8.4333333e-01   1.3700000e+02   8.2096259e+01
   0.0000000e+00   4.7000000e+01   2.5300000e+02   0.0000000e+00   8.4333333e-01   2.9300000e+02   7.9130287e+01
   0.0000000e+00   4.7000000e+01   2.5300000e+02   0.0000000e+00   8.4333333e-01   2.8200000e+02   7.9211728e+01
   0.0000000e+00   4.7000000e+01   2.5300000e+02   0.0000000e+00   8.4333333e-01   4.1400000e+02   7.9183634e+01
   0.0000000e+00   4.7000000e+01   2.5300000e+02   0.0000000e+00   8.4333333e-01   2.0800000e+02   7.9199570e+01
   0.0000000e+00   4.7000000e+01   2.5300000e+02   0.0000000e+00   8.4333333e-01   3.3900000e+02   7.9273818e+01
   0.0000000e+00   4.7000000e+01   2.5300000e+02   0.0000000e+00   8.4333333e-01   3.6500000e+02   7.9581709e+01
   0.0000000e+00   4.7000000e+01   2.5300000e+02   0.0000000e+00   8.4333333e-01   2.1900000e+02   7.9255348e+01
   0.0000000e+00   4.7000000e+01   2.5300000e+02   0.0000000e+00   8.4333333e-01   3.8700000e+02   7.9173125e+01
   0.0000000e+00   4.7000000e+01   2.5300000e+02   0.0000000e+00   8.4333333e-01   2.6800000e+02   7.9089039e+01
   0.0000000e+00   4.7000000e+01   2.5300000e+02   0.0000000e+00   8.4333333e-01   4.7300000e+02   7.9261888e+01
   0.0000000e+00   4.7000000e+01   2.5300000e+02   0.0000000e+00   8.4333333e-01   4.3400000e+02   7.9146435e+01
   0.0000000e+00   4.7000000e+01   2.5300000e+02   0.0000000e+00   8.4333333e-01   2.4600000e+02   7.9182739e+01
   0.0000000e+00   4.7000000e+01   2.5300000e+02   0.0000000e+00   8.4333333e-01   2.7800000e+02   7.9211287e+01
   0.0000000e+00   4.7000000e+01   2.5300000e+02   0.0000000e+00   8.4333333e-01   3.7500000e+02   7.9187729e+01
