   0.0000000e+00   4.7000000e+01   2.5300000e+02   0.0000000e+00   8.4333333e-01   7.4800000e+02   7.8252083e+01
   0.0000000e+00   4.7000000e+01   2.5300000e+02   0.0000000e+00   8.4333333e-01   1.0130000e+03   7.7632327e+01
   0.0000000e+00   4.7000000e+01   2.5300000e+02   0.0000000e+00   8.4333333e-01   7.8000000e+02   7.7440403e+01
   0.0000000e+00   4.7000000e+01   2.5300000e+02   0.0000000e+00   8.4333333e-01   7.4600000e+02   7.7884432e+01
   0.0000000e+00   4.7000000e+01   2.5300000e+02   0.0000000e+00   8.4333333e-01   5.8700000e+02   7.9012552e+01
   0.0000000e+00   4.7000000e+01   2.5300000e+02   0.0000000e+00   8.4333333e-01   6.6500000e+02   7.7670465e+01
   0.0000000e+00   4.7000000e+01   2.5300000e+02   0.0000000e+00   8.4333333e-01   7.9400000e+02   7.8050683e+01
   0.0000000e+00   4.7000000e+01   2.5300000e+02   0.0000000e+00   8.4333333e-01   6.1100000e+02   7.7163578e+01
   0.0000000e+00   4.7000000e+01   2.5300000e+02   0.0000000e+00   8.4333333e-01   6.2900000e+02   7.7498458e+01
   0.0000000e+00   4.7000000e+01   2.5300000e+02   0.0000000e+00   8.4333333e-01   1.4690000e+03   7.8554133e+01
   0.0000000e+00   4.7000000e+01   2.5300000e+02   0.0000000e+00   8.4333333e-01   9.7300000e+02   7.7884187e+01
   0.0000000e+00   4.7000000e+01   2.5300000e+02   0.0000000e+00   8.4333333e-01   1.1560000e+03   7.7534541e+01
   0.0000000e+00   4.7000000e+01   2.5300000e+02   0.0000000e+00   8.4333333e-01   7.2200000e+02   7.7885917e+01
   0.0000000e+00   4.7000000e+01   2.5300000e+02   0.0000000e+00   8.4333333e-01   6.6500000e+02   7.7560989e+01
   0.0000000e+00   4.7000000e+01   2.5300000e+02   0.0000000e+00   8.4333333e-01   1.0580000e+03   7.7429620e+01
   0.0000000e+00   4.7000000e+01   2.5300000e+02   0.0000000e+00   8.4333333e-01   6.1000000e+02   7.8318711e+01
   0.0000000e+00   4.7000000e+01   2.5300000e+02   0.0000000e+00   8.4333333e-01   8.9100000e+02   7.7730716e+01
   0.0000000e+00   4.7000000e+01   2.5300000e+02   0.0000000e+00   8.4333333e-01   4.3500000e+02   7.8623712e+01
   0.0000000e+00   4.7000000e+01   2.5300000e+02   0.0000000e+00   8.4333333e-01   4.5900000e+02   7.8550387e+01
   0.0000000e+00   4.7000000e+01   2.5300000e+02   0.0000000e+00   8.4333333e-01   3.6800000e+02   7.7537476e+01
   0.0000000e+00   4.7000000e+01   2.5300000e+02   0.0000000e+00   8.4333333e-01   7.9000000e+02   7.7673307e+01
   0.0000000e+00   4.7000000e+01   2.5300000e+02   0.0000000e+00   8.4333333e-01   6.6200000e+02   7.7694537e+01
   0.0000000e+00   4.7000000e+01   2.5300000e+02   0.0000000e+00   8.4333333e-01   5.5100000e+02   7.7359671e+01
   0.0000000e+00   4.7000000e+01   2.5300000e+02   0.0000000e+00   8.4333333e-01   5.0600000e+02   7.7704791e+01
   0.0000000e+00   4.7000000e+01   2.5300000e+02   0.0000000e+00   8.4333333e-01   5.0200000e+02   7.8039550e+01
   0.0000000e+00   4.7000000e+01   2.5300000e+02   0.0000000e+00   8.4333333e-01   1.3110000e+03   7.8237358e+01
   0.0000000e+00   4.7000000e+01   2.5300000e+02   0.0000000e+00   8.4333333e-01   8.1000000e+02   7.7913569e+01
   0.0000000e+00   4.7000000e+01   2.5300000e+02   0.0000000e+00   8.4333333e-01   5.7900000e+02   7.7332392e+01
   0.0000000e+00   4.7000000e+01   2.5300000e+02   0.0000000e+00   8.4333333e-01   4.2400000e+02   7.7881544e+01
   0.0000000e+00   4.7000000e+01   2.5300000e+02   0.0000000e+00   8.4333333e-01   7.0300000e+02   7.8027785e+01
   0.0000000e+00   4.7000000e+01   2.5300000e+02   0.0000000e+00   8.4333333e-01   1.0060000e+03   7.7518998e+01
   0.0000000e+00   4.7000000e+01   2.5300000e+02   0.0000000e+00   8.4333333e-01   6.7000000e+02   7.7648726e+01
   0.0000000e+00   4.7000000e+01   2.5300000e+02   0.0000000e+00   8.4333333e-01   6.3600000e+02   7.8235718e+01
   0.0000000e+00   4.7000000e+01   2.5300000e+02   0.0000000e+00   8.4333333e-01   1.1050000e+03   7.7979201e+01
   0.0000000e+00   4.7000000e+01   2.5300000e+02   0.0000000e+00   8.4333333e-01   8.5700000e+02   7.7876133e+01
   0.0000000e+00   4.7000000e+01   2.5300000e+02   0.0000000e+00   8.4333333e-01   5.9300000e+02   7.7709410e+01
   0.0000000e+00   4.7000000e+01   2.5300000e+02   0.0000000e+00   8.4333333e-01   8.3600000e+02   7.7884191e+01
   0.0000000e+00   4.7000000e+01   2.5300000e+02   0.0000000e+00   8.4333333e-01   6.6300000e+02   7.8332461e+01
   0.0000000e+00   4.7000000e+01   2.5300000e+02   0.0000000e+00   8.4333333e-01   5.7800000e+02   7.7446092e+01
   0.0000000e+00   4.7000000e+01   2.5300000e+02   0.0000000e+00   8.4333333e-01   9.8000000e+02   7.7911503e+01
   0.0000000e+00   4.7000000e+01   2.5300000e+02   0.0000000e+00   8.4333333e-01   5.2800000e+02   7.7433941e+01
   0.0000000e+00   4.7000000e+01   2.5300000e+02   0.0000000e+00   8.4333333e-01   4.8600000e+02   7.7725365e+01
   0.0000000e+00   4.7000000e+01   2.5300000e+02   0.0000000e+00   8.4333333e-01   5.6700000e+02   7.7213183e+01
   0.0000000e+00   4.7000000e+01   2.5300000e+02   0.0000000e+00   8.4333333e-01   8.1300000e+02   7.7335077e+01
   0.0000000e+00   4.7000000e+01   2.5300000e+02   0.0000000e+00   8.4333333e-01   7.3900000e+02   7.7881559e+01
   0.0000000e+00   4.7000000e+01   2.5300000e+02   0.0000000e+00   8.4333333e-01   7.8400000e+02   7.8536633e+01
   0.0000000e+00   4.7000000e+01   2.5300000e+02   0.0000000e+00   8.4333333e-01   1.1650000e+03   7.8006182e+01
   0.0000000e+00   4.7000000e+01   2.5300000e+02   0.0000000e+00   8.4333333e-01   7.7800000e+02   7.7039546e+01
   0.0000000e+00   4.7000000e+01   2.5300000e+02   0.0000000e+00   8.4333333e-01   1.2360000e+03   7.7536295e+01
   0.0000000e+00   4.7000000e+01   2.5300000e+02   0.0000000e+00   8.4333333e-01   2.5500000e+02   7.7634465e+01
   0.0000000e+00   4.7000000e+01   2.5300000e+02   0.0000000e+00   8.4333333e-01   1.3440000e+03   7.8270569e+01
   0.0000000e+00   4.7000000e+01   2.5300000e+02   0.0000000e+00   8.4333333e-01   1.3100000e+03   7.7620348e+01
   0.0000000e+00   4.7000000e+01   2.5300000e+02   0.0000000e+00   8.4333333e-01   8.0800000e+02   7.7552113e+01
   0.0000000e+00   4.7000000e+01   2.5300000e+02   0.0000000e+00   8.4333333e-01   6.7100000e+02   7.7457647e+01
   0.0000000e+00   4.7000000e+01   2.5300000e+02   0.0000000e+00   8.4333333e-01   5.0200000e+02   7.7611787e+01
   0.0000000e+00   4.7000000e+01   2.5300000e+02   0.0000000e+00   8.4333333e-01   8.4700000e+02   7.8023794e+01
   0.0000000e+00   4.7000000e+01   2.5300000e+02   0.0000000e+00   8.4333333e-01   8.0100000e+02   7.8208785e+01
   0.0000000e+00   4.7000000e+01   2.5300000e+02   0.0000000e+00   8.4333333e-01   1.3410000e+03   7.7688235e+01
   0.0000000e+00   4.7000000e+01   2.5300000e+02   0.0000000e+00   8.4333333e-01   3.2100000e+02   7.7425577e+01
   0.0000000e+00   4.7000000e+01   2.5300000e+02   0.0000000e+00   8.4333333e-01   7.1000000e+02   7.7755999e+01
   0.0000000e+00   4.7000000e+01   2.5300000e+02   0.0000000e+00   8.4333333e-01   6.8900000e+02   7.7584431e+01
   0.0000000e+00   4.7000000e+01   2.5300000e+02   0.0000000e+00   8.4333333e-01   6.9300000e+02   7.7611683e+01
   0.0000000e+00   4.7000000e+01   2.5300000e+02   0.0000000e+00   8.4333333e-01   4.9800000e+02   7.7784819e+01
   0.0000000e+00   4.7000000e+01   2.5300000e+02   0.0000000e+00   8.4333333e-01   5.9400000e+02   7.7979121e+01
   0.0000000e+00   4.7000000e+01   2.5300000e+02   0.0000000e+00   8.4333333e-01   4.8200000e+02   7.7430257e+01
   0.0000000e+00   4.7000000e+01   2.5300000e+02   0.0000000e+00   8.4333333e-01   7.9400000e+02   7.7962173e+01
   0.0000000e+00   4.7000000e+01   2.5300000e+02   0.0000000e+00   8.4333333e-01   1.1200000e+03   7.8007011e+01
   0.0000000e+00   4.7000000e+01   2.5300000e+02   0.0000000e+00   8.4333333e-01   8.7000000e+02   7.7999284e+01
   0.0000000e+00   4.7000000e+01   2.5300000e+02   0.0000000e+00   8.4333333e-01   7.9000000e+02   7.7617461e+01
   0.0000000e+00   4.7000000e+01   2.5300000e+02   0.0000000e+00   8.4333333e-01   3.6400000e+02   7.7697432e+01
   0.0000000e+00   4.7000000e+01   2.5300000e+02   0.0000000e+00   8.4333333e-01   7.2300000e+02   7.7668610e+01
   0.0000000e+00   4.7000000e+01   2.5300000e+02   0.0000000e+00   8.4333333e-01   6.2100000e+02   7.7558975e+01
   0.0000000e+00   4.7000000e+01   2.5300000e+02   0.0000000e+00   8.4333333e-01   7.7300000e+02   7.7768189e+01
   0.0000000e+00   4.7000000e+01   2.5300000e+02   0.0000000e+00   8.4333333e-01   4.7100000e+02   7.7787208e+01
   0.0000000e+00   4.7000000e+01   2.5300000e+02   0.0000000e+00   8.4333333e-01   3.7400000e+02   7.7213654e+01
   0.0000000e+00   4.7000000e+01   2.5300000e+02   0.0000000e+00   8.4333333e-01   9.6500000e+02   7.9040562e+01
   0.0000000e+00   4.7000000e+01   2.5300000e+02   0.0000000e+00   8.4333333e-01   7.9000000e+02   7.7759093e+01
   0.0000000e+00   4.7000000e+01   2.5300000e+02   0.0000000e+00   8.4333333e-01   7.7300000e+02   7.7349554e+01
   0.0000000e+00   4.7000000e+01   2.5300000e+02   0.0000000e+00   8.4333333e-01   4.0100000e+02   7.7332051e+01
   0.0000000e+00   4.7000000e+01   2.5300000e+02   0.0000000e+00   8.4333333e-01   5.0500000e+02   7.7086315e+01
   0.0000000e+00   4.7000000e+01   2.5300000e+02   0.0000000e+00   8.4333333e-01   1.1080000e+03   7.7408343e+01
   0.0000000e+00   4.7000000e+01   2.5300000e+02   0.0000000e+00   8.4333333e-01   9.9800000e+02   7.8446906e+01
   0.0000000e+00   4.7000000e+01   2.5300000e+02   0.0000000e+00   8.4333333e-01   3.3500000e+02   7.7519355e+01
   0.0000000e+00   4.7000000e+01   2.5300000e+02   0.0000000e+00   8.4333333e-01   7.6600000e+02   7.8107516e+01
   0.0000000e+00   4.7000000e+01   2.5300000e+02   0.0000000e+00   8.4333333e-01   6.7100000e+02   7.7913541e+01
   0.0000000e+00   4.7000000e+01   2.5300000e+02   0.0000000e+00   8.4333333e-01   9.9200000e+02   7.7289532e+01
   0.0000000e+00   4.7000000e+01   2.5300000e+02   0.0000000e+00   8.4333333e-01   7.9200000e+02   7.8213490e+01
   0.0000000e+00   4.7000000e+01   2.5300000e+02   0.0000000e+00   8.4333333e-01   8.3600000e+02   7.7494273e+01
   0.0000000e+00   4.7000000e+01   2.5300000e+02   0.0000000e+00   8.4333333e-01   4.6400000e+02   7.7899090e+01
   0.0000000e+00   4.7000000e+01   2.5300000e+02   0.0000000e+00   8.4333333e-01   8.0000000e+02   7.8341765e+01
   0.0000000e+00   4.7000000e+01   2.5300000e+02   0.0000000e+00   8.4333333e-01   1.0830000e+03   7.8700927e+01
   0.0000000e+00   4.7000000e+01   2.5300000e+02   0.0000000e+00   8.4333333e-01   4.8500000e+02   7.7824295e+01
   0.0000000e+00   4.7000000e+01   2.5300000e+02   0.0000000e+00   8.4333333e-01   1.1890000e+03   7.7276474e+01
   0.0000000e+00   4.7000000e+01   2.5300000e+02   0.0000000e+00   8.4333333e-01   8.5200000e+02   7.7502616e+01
   0.0000000e+00   4.7000000e+01   2.5300000e+02   0.0000000e+00   8.4333333e-01   8.5600000e+02   7.7873822e+01
   0.0000000e+00   4.7000000e+01   2.5300000e+02   0.0000000e+00   8.4333333e-01   1.2970000e+03   7.8012514e+01
   0.0000000e+00   4.7000000e+01   2.5300000e+02   0.0000000e+00   8.4333333e-01   4.7400000e+02   7.7791431e+01
   0.0000000e+00   4.7000000e+01   2.5300000e+02   0.0000000e+00   8.4333333e-01   6.4500000e+02   7.7400356e+01
   0.0000000e+00   4.7000000e+01   2.5300000e+02   0.0000000e+00   8.4333333e-01   1.1280000e+03   7.7696819e+01
   0.0000000e+00   4.7000000e+01   2.5300000e+02   0.0000000e+00   8.4333333e-01   1.4520000e+03   7.7778861e+01
