   0.0000000e+00   4.7000000e+01   2.5300000e+02   0.0000000e+00   8.4333333e-01   3.2900000e+02   7.8952988e+01
   0.0000000e+00   4.7000000e+01   2.5300000e+02   0.0000000e+00   8.4333333e-01   7.8900000e+02   7.9102178e+01
   0.0000000e+00   4.7000000e+01   2.5300000e+02   0.0000000e+00   8.4333333e-01   3.2500000e+02   7.9120904e+01
   0.0000000e+00   4.7000000e+01   2.5300000e+02   0.0000000e+00   8.4333333e-01   4.7800000e+02   7.9158660e+01
   0.0000000e+00   4.7000000e+01   2.5300000e+02   0.0000000e+00   8.4333333e-01   4.5100000e+02   7.8934791e+01
   0.0000000e+00   4.7000000e+01   2.5300000e+02   0.0000000e+00   8.4333333e-01   3.1400000e+02   7.8828303e+01
   0.0000000e+00   4.7000000e+01   2.5300000e+02   0.0000000e+00   8.4333333e-01   6.1900000e+02   7.9115338e+01
   0.0000000e+00   4.7000000e+01   2.5300000e+02   0.0000000e+00   8.4333333e-01   2.7100000e+02   7.9150941e+01
   0.0000000e+00   4.7000000e+01   2.5300000e+02   0.0000000e+00   8.4333333e-01   4.5500000e+02   7.9047448e+01
   0.0000000e+00   4.7000000e+01   2.5300000e+02   0.0000000e+00   8.4333333e-01   3.6000000e+02   7.8519212e+01
   0.0000000e+00   4.7000000e+01   2.5300000e+02   0.0000000e+00   8.4333333e-01   6.4800000e+02   7.8684883e+01
   0.0000000e+00   4.7000000e+01   2.5300000e+02   0.0000000e+00   8.4333333e-01   1.7570000e+03   7.8997363e+01
   0.0000000e+00   4.7000000e+01   2.5300000e+02   0.0000000e+00   8.4333333e-01   3.8600000e+02   7.9005381e+01
   0.0000000e+00   4.7000000e+01   2.5300000e+02   0.0000000e+00   8.4333333e-01   5.7700000e+02   7.9149416e+01
   0.0000000e+00   4.7000000e+01   2.5300000e+02   0.0000000e+00   8.4333333e-01   4.4700000e+02   7.8782743e+01
   0.0000000e+00   4.7000000e+01   2.5300000e+02   0.0000000e+00   8.4333333e-01   7.7100000e+02   7.9276779e+01
   0.0000000e+00   4.7000000e+01   2.5300000e+02   0.0000000e+00   8.4333333e-01   4.1100000e+02   7.8904630e+01
   0.0000000e+00   4.7000000e+01   2.5300000e+02   0.0000000e+00   8.4333333e-01   5.3300000e+02   7.9114868e+01
   0.0000000e+00   4.7000000e+01   2.5300000e+02   0.0000000e+00   8.4333333e-01   7.7800000e+02   7.8673334e+01
   0.0000000e+00   4.7000000e+01   2.5300000e+02   0.0000000e+00   8.4333333e-01   4.5000000e+02   7.9024281e+01
   0.0000000e+00   4.7000000e+01   2.5300000e+02   0.0000000e+00   8.4333333e-01   2.7000000e+02   7.9632948e+01
   0.0000000e+00   4.7000000e+01   2.5300000e+02   0.0000000e+00   8.4333333e-01   1.5550000e+03   7.8939509e+01
   0.0000000e+00   4.7000000e+01   2.5300000e+02   0.0000000e+00   8.4333333e-01   3.5100000e+02   7.9060894e+01
   0.0000000e+00   4.7000000e+01   2.5300000e+02   0.0000000e+00   8.4333333e-01   1.3540000e+03   7.8882407e+01
   0.0000000e+00   4.7000000e+01   2.5300000e+02   0.0000000e+00   8.4333333e-01   3.6000000e+02   7.8839244e+01
   0.0000000e+00   4.7000000e+01   2.5300000e+02   0.0000000e+00   8.4333333e-01   5.0100000e+02   7.8822873e+01
   0.0000000e+00   4.7000000e+01   2.5300000e+02   0.0000000e+00   8.4333333e-01   3.1400000e+02   7.8597822e+01
   0.0000000e+00   4.7000000e+01   2.5300000e+02   0.0000000e+00   8.4333333e-01   1.1720000e+03   7.9062460e+01
   0.0000000e+00   4.7000000e+01   2.5300000e+02   0.0000000e+00   8.4333333e-01   6.1400000e+02   7.8988199e+01
   0.0000000e+00   4.7000000e+01   2.5300000e+02   0.0000000e+00   8.4333333e-01   6.1800000e+02   7.8898108e+01
   0.0000000e+00   4.7000000e+01   2.5300000e+02   0.0000000e+00   8.4333333e-01   3.6300000e+02   7.9163141e+01
   0.0000000e+00   4.7000000e+01   2.5300000e+02   0.0000000e+00   8.4333333e-01   8.2400000e+02   7.9036309e+01
   0.0000000e+00   4.7000000e+01   2.5300000e+02   0.0000000e+00   8.4333333e-01   3.8000000e+02   7.8809444e+01
   0.0000000e+00   4.7000000e+01   2.5300000e+02   0.0000000e+00   8.4333333e-01   4.7900000e+02   7.9087259e+01
   0.0000000e+00   4.7000000e+01   2.5300000e+02   0.0000000e+00   8.4333333e-01   6.4200000e+02   7.9003403e+01
   0.0000000e+00   4.7000000e+01   2.5300000e+02   0.0000000e+00   8.4333333e-01   7.8500000e+02   7.9105976e+01
   0.0000000e+00   4.7000000e+01   2.5300000e+02   0.0000000e+00   8.4333333e-01   6.6100000e+02   7.9013405e+01
   0.0000000e+00   4.7000000e+01   2.5300000e+02   0.0000000e+00   8.4333333e-01   3.2500000e+02   7.8988400e+01
   0.0000000e+00   4.7000000e+01   2.5300000e+02   0.0000000e+00   8.4333333e-01   8.5900000e+02   7.8798796e+01
   0.0000000e+00   4.7000000e+01   2.5300000e+02   0.0000000e+00   8.4333333e-01   5.0000000e+02   7.9091342e+01
   0.0000000e+00   4.7000000e+01   2.5300000e+02   0.0000000e+00   8.4333333e-01   9.6000000e+02   7.8994661e+01
   0.0000000e+00   4.7000000e+01   2.5300000e+02   0.0000000e+00   8.4333333e-01   3.7000000e+02   7.8528511e+01
   0.0000000e+00   4.7000000e+01   2.5300000e+02   0.0000000e+00   8.4333333e-01   9.8800000e+02   7.9069843e+01
   0.0000000e+00   4.7000000e+01   2.5300000e+02   0.0000000e+00   8.4333333e-01   1.2200000e+03   7.8741553e+01
   0.0000000e+00   4.7000000e+01   2.5300000e+02   0.0000000e+00   8.4333333e-01   9.7500000e+02   7.8723639e+01
   0.0000000e+00   4.7000000e+01   2.5300000e+02   0.0000000e+00   8.4333333e-01   5.8600000e+02   7.9105938e+01
   0.0000000e+00   4.7000000e+01   2.5300000e+02   0.0000000e+00   8.4333333e-01   7.7600000e+02   7.9126121e+01
   0.0000000e+00   4.7000000e+01   2.5300000e+02   0.0000000e+00   8.4333333e-01   1.3110000e+03   7.9002788e+01
   0.0000000e+00   4.7000000e+01   2.5300000e+02   0.0000000e+00   8.4333333e-01   1.0960000e+03   7.8805723e+01
   0.0000000e+00   4.7000000e+01   2.5300000e+02   0.0000000e+00   8.4333333e-01   4.2000000e+02   7.9091726e+01
   0.0000000e+00   4.7000000e+01   2.5300000e+02   0.0000000e+00   8.4333333e-01   3.8900000e+02   7.8398337e+01
   0.0000000e+00   4.7000000e+01   2.5300000e+02   0.0000000e+00   8.4333333e-01   1.1360000e+03   7.9079812e+01
   0.0000000e+00   4.7000000e+01   2.5300000e+02   0.0000000e+00   8.4333333e-01   6.3100000e+02   7.8981989e+01
   0.0000000e+00   4.7000000e+01   2.5300000e+02   0.0000000e+00   8.4333333e-01   5.0300000e+02   7.8924991e+01
   0.0000000e+00   4.7000000e+01   2.5300000e+02   0.0000000e+00   8.4333333e-01   1.1870000e+03   7.8999609e+01
   0.0000000e+00   4.7000000e+01   2.5300000e+02   0.0000000e+00   8.4333333e-01   9.2300000e+02   7.9060673e+01
   0.0000000e+00   4.7000000e+01   2.5300000e+02   0.0000000e+00   8.4333333e-01   4.8500000e+02   7.8807953e+01
   0.0000000e+00   4.7000000e+01   2.5300000e+02   0.0000000e+00   8.4333333e-01   5.8300000e+02   7.8607796e+01
   0.0000000e+00   4.7000000e+01   2.5300000e+02   0.0000000e+00   8.4333333e-01   2.8800000e+02   7.9062504e+01
   0.0000000e+00   4.7000000e+01   2.5300000e+02   0.0000000e+00   8.4333333e-01   4.2200000e+02   7.8323425e+01
   0.0000000e+00   4.7000000e+01   2.5300000e+02   0.0000000e+00   8.4333333e-01   1.9600000e+02   7.8494971e+01
   0.0000000e+00   4.7000000e+01   2.5300000e+02   0.0000000e+00   8.4333333e-01   5.5800000e+02   7.9132701e+01
   0.0000000e+00   4.7000000e+01   2.5300000e+02   0.0000000e+00   8.4333333e-01   4.4000000e+02   7.8897495e+01
   0.0000000e+00   4.7000000e+01   2.5300000e+02   0.0000000e+00   8.4333333e-01   8.3900000e+02   7.9161196e+01
   0.0000000e+00   4.7000000e+01   2.5300000e+02   0.0000000e+00   8.4333333e-01   4.9100000e+02   7.8965077e+01
   0.0000000e+00   4.7000000e+01   2.5300000e+02   0.0000000e+00   8.4333333e-01   3.1200000e+02   7.9016385e+01
   0.0000000e+00   4.7000000e+01   2.5300000e+02   0.0000000e+00   8.4333333e-01   3.9500000e+02   7.9067274e+01
   0.0000000e+00   4.7000000e+01   2.5300000e+02   0.0000000e+00   8.4333333e-01   1.1610000e+03   7.8813091e+01
   0.0000000e+00   4.7000000e+01   2.5300000e+02   0.0000000e+00   8.4333333e-01   4.2800000e+02   7.8782355e+01
   0.0000000e+00   4.7000000e+01   2.5300000e+02   0.0000000e+00   8.4333333e-01   3.2800000e+02   7.8890253e+01
   0.0000000e+00   4.7000000e+01   2.5300000e+02   0.0000000e+00   8.4333333e-01   9.3500000e+02   7.9084853e+01
   0.0000000e+00   4.7000000e+01   2.5300000e+02   0.0000000e+00   8.4333333e-01   4.9400000e+02   7.8984781e+01
   0.0000000e+00   4.7000000e+01   2.5300000e+02   0.0000000e+00   8.4333333e-01   4.6500000e+02   7.8559353e+01
   0.0000000e+00   4.7000000e+01   2.5300000e+02   0.0000000e+00   8.4333333e-01   5.7800000e+02   7.9136409e+01
   0.0000000e+00   4.7000000e+01   2.5300000e+02   0.0000000e+00   8.4333333e-01   5.4000000e+02   7.9097323e+01
   0.0000000e+00   4.7000000e+01   2.5300000e+02   0.0000000e+00   8.4333333e-01   5.6300000e+02   7.9179232e+01
   0.0000000e+00   4.7000000e+01   2.5300000e+02   0.0000000e+00   8.4333333e-01   7.9500000e+02   7.9231312e+01
   0.0000000e+00   4.7000000e+01   2.5300000e+02   0.0000000e+00   8.4333333e-01   1.5780000e+03   7.8882914e+01
   0.0000000e+00   4.7000000e+01   2.5300000e+02   0.0000000e+00   8.4333333e-01   5.1400000e+02   7.9130897e+01
   0.0000000e+00   4.7000000e+01   2.5300000e+02   0.0000000e+00   8.4333333e-01   2.7100000e+02   7.9147109e+01
   0.0000000e+00   4.7000000e+01   2.5300000e+02   0.0000000e+00   8.4333333e-01   4.4000000e+02   7.9179424e+01
   0.0000000e+00   4.7000000e+01   2.5300000e+02   0.0000000e+00   8.4333333e-01   1.7060000e+03   7.9010920e+01
   0.0000000e+00   4.7000000e+01   2.5300000e+02   0.0000000e+00   8.4333333e-01   2.5100000e+02   7.8977945e+01
   0.0000000e+00   4.7000000e+01   2.5300000e+02   0.0000000e+00   8.4333333e-01   4.0100000e+02   7.9072835e+01
   0.0000000e+00   4.7000000e+01   2.5300000e+02   0.0000000e+00   8.4333333e-01   2.7400000e+02   7.9169467e+01
   0.0000000e+00   4.7000000e+01   2.5300000e+02   0.0000000e+00   8.4333333e-01   4.1300000e+02   7.9219029e+01
   0.0000000e+00   4.7000000e+01   2.5300000e+02   0.0000000e+00   8.4333333e-01   9.2600000e+02   7.9007641e+01
   0.0000000e+00   4.7000000e+01   2.5300000e+02   0.0000000e+00   8.4333333e-01   1.5030000e+03   7.8590088e+01
   0.0000000e+00   4.7000000e+01   2.5300000e+02   0.0000000e+00   8.4333333e-01   3.6900000e+02   7.8885447e+01
   0.0000000e+00   4.7000000e+01   2.5300000e+02   0.0000000e+00   8.4333333e-01   1.5480000e+03   7.9144816e+01
   0.0000000e+00   4.7000000e+01   2.5300000e+02   0.0000000e+00   8.4333333e-01   6.2700000e+02   7.8844215e+01
   0.0000000e+00   4.7000000e+01   2.5300000e+02   0.0000000e+00   8.4333333e-01   4.9900000e+02   7.9197961e+01
   0.0000000e+00   4.7000000e+01   2.5300000e+02   0.0000000e+00   8.4333333e-01   2.2600000e+02   7.9058092e+01
   0.0000000e+00   4.7000000e+01   2.5300000e+02   0.0000000e+00   8.4333333e-01   3.9000000e+02   7.9297685e+01
   0.0000000e+00   4.7000000e+01   2.5300000e+02   0.0000000e+00   8.4333333e-01   8.0500000e+02   7.9104492e+01
   0.0000000e+00   4.7000000e+01   2.5300000e+02   0.0000000e+00   8.4333333e-01   3.7700000e+02   7.9149513e+01
   0.0000000e+00   4.7000000e+01   2.5300000e+02   0.0000000e+00   8.4333333e-01   6.8000000e+02   7.9164751e+01
   0.0000000e+00   4.7000000e+01   2.5300000e+02   0.0000000e+00   8.4333333e-01   4.8100000e+02   7.9038361e+01
   0.0000000e+00   4.7000000e+01   2.5300000e+02   0.0000000e+00   8.4333333e-01   8.1900000e+02   7.9024554e+01
   0.0000000e+00   4.7000000e+01   2.5300000e+02   0.0000000e+00   8.4333333e-01   2.1600000e+02   7.8713480e+01
