   1.0000000e+00   4.9000000e+01   2.4800000e+02   2.0000000e+00   8.3000000e-01   1.8400000e+02   8.0646044e+01
   0.0000000e+00   5.0000000e+01   2.5000000e+02   0.0000000e+00   8.3333333e-01   7.3100000e+02   8.0505999e+01
   0.0000000e+00   5.0000000e+01   2.5000000e+02   0.0000000e+00   8.3333333e-01   6.4600000e+02   7.9871780e+01
   1.0000000e+00   4.9000000e+01   2.4800000e+02   2.0000000e+00   8.3000000e-01   8.9200000e+02   8.0873336e+01
   1.0000000e+00   4.9000000e+01   2.4800000e+02   2.0000000e+00   8.3000000e-01   7.6900000e+02   8.1026081e+01
   0.0000000e+00   5.0000000e+01   2.4900000e+02   1.0000000e+00   8.3000000e-01   8.2600000e+02   8.0757998e+01
   0.0000000e+00   5.0000000e+01   2.4900000e+02   1.0000000e+00   8.3000000e-01   7.8100000e+02   8.0598757e+01
   1.0000000e+00   4.9000000e+01   2.4800000e+02   2.0000000e+00   8.3000000e-01   2.5200000e+02   8.0960440e+01
   0.0000000e+00   5.0000000e+01   2.5000000e+02   0.0000000e+00   8.3333333e-01   7.2800000e+02   8.0269781e+01
   0.0000000e+00   5.0000000e+01   2.5000000e+02   0.0000000e+00   8.3333333e-01   1.3730000e+03   8.0729501e+01
   0.0000000e+00   5.0000000e+01   2.5000000e+02   0.0000000e+00   8.3333333e-01   8.8700000e+02   8.0878452e+01
   0.0000000e+00   5.0000000e+01   2.5000000e+02   0.0000000e+00   8.3333333e-01   7.6000000e+02   8.0108257e+01
   0.0000000e+00   5.0000000e+01   2.5000000e+02   0.0000000e+00   8.3333333e-01   4.0100000e+02   8.0584318e+01
   0.0000000e+00   5.0000000e+01   2.5000000e+02   0.0000000e+00   8.3333333e-01   7.8600000e+02   8.0385739e+01
   1.0000000e+00   4.9000000e+01   2.4800000e+02   2.0000000e+00   8.3000000e-01   8.1000000e+02   8.0655110e+01
   0.0000000e+00   5.0000000e+01   2.5000000e+02   0.0000000e+00   8.3333333e-01   1.6370000e+03   8.0432763e+01
   2.0000000e+00   4.8000000e+01   2.4400000e+02   6.0000000e+00   8.2000000e-01   3.1300000e+02   8.1276668e+01
   1.0000000e+00   4.9000000e+01   2.4900000e+02   1.0000000e+00   8.3333333e-01   1.0590000e+03   8.0284340e+01
   2.0000000e+00   4.8000000e+01   2.4600000e+02   4.0000000e+00   8.2666667e-01   3.9000000e+02   8.0763678e+01
   0.0000000e+00   5.0000000e+01   2.4900000e+02   1.0000000e+00   8.3000000e-01   7.1800000e+02   8.0726397e+01
   0.0000000e+00   5.0000000e+01   2.5000000e+02   0.0000000e+00   8.3333333e-01   4.2100000e+02   8.0132553e+01
   2.0000000e+00   4.8000000e+01   2.4500000e+02   5.0000000e+00   8.2333333e-01   4.8200000e+02   8.1580733e+01
   0.0000000e+00   5.0000000e+01   2.5000000e+02   0.0000000e+00   8.3333333e-01   6.6800000e+02   8.0079979e+01
   1.0000000e+00   4.9000000e+01   2.4800000e+02   2.0000000e+00   8.3000000e-01   3.4000000e+02   8.1562103e+01
   0.0000000e+00   5.0000000e+01   2.5000000e+02   0.0000000e+00   8.3333333e-01   3.8800000e+02   8.0429884e+01
   0.0000000e+00   5.0000000e+01   2.5000000e+02   0.0000000e+00   8.3333333e-01   6.0000000e+02   8.0784893e+01
   0.0000000e+00   5.0000000e+01   2.5000000e+02   0.0000000e+00   8.3333333e-01   1.0250000e+03   8.0473714e+01
   0.0000000e+00   5.0000000e+01   2.5000000e+02   0.0000000e+00   8.3333333e-01   4.2300000e+02   8.0179684e+01
   0.0000000e+00   5.0000000e+01   2.5000000e+02   0.0000000e+00   8.3333333e-01   1.1360000e+03   8.0279285e+01
   0.0000000e+00   5.0000000e+01   2.5000000e+02   0.0000000e+00   8.3333333e-01   8.6100000e+02   8.0243795e+01
   0.0000000e+00   5.0000000e+01   2.5000000e+02   0.0000000e+00   8.3333333e-01   7.0800000e+02   7.8970072e+01
   0.0000000e+00   5.0000000e+01   2.4900000e+02   1.0000000e+00   8.3000000e-01   9.0300000e+02   8.0736728e+01
   0.0000000e+00   5.0000000e+01   2.5000000e+02   0.0000000e+00   8.3333333e-01   6.0100000e+02   8.0195159e+01
   0.0000000e+00   5.0000000e+01   2.5000000e+02   0.0000000e+00   8.3333333e-01   7.2000000e+02   8.0279448e+01
   0.0000000e+00   5.0000000e+01   2.4900000e+02   1.0000000e+00   8.3000000e-01   6.3100000e+02   8.0595003e+01
   0.0000000e+00   5.0000000e+01   2.5000000e+02   0.0000000e+00   8.3333333e-01   6.0900000e+02   7.9984118e+01
   1.0000000e+00   4.9000000e+01   2.4800000e+02   2.0000000e+00   8.3000000e-01   7.6000000e+02   8.0560785e+01
   0.0000000e+00   5.0000000e+01   2.5000000e+02   0.0000000e+00   8.3333333e-01   8.6600000e+02   8.0025005e+01
   0.0000000e+00   5.0000000e+01   2.4900000e+02   1.0000000e+00   8.3000000e-01   3.6200000e+02   8.0548686e+01
   0.0000000e+00   5.0000000e+01   2.5000000e+02   0.0000000e+00   8.3333333e-01   1.5230000e+03   8.1220097e+01
   0.0000000e+00   5.0000000e+01   2.5000000e+02   0.0000000e+00   8.3333333e-01   1.9250000e+03   8.0257699e+01
   0.0000000e+00   5.0000000e+01   2.4900000e+02   1.0000000e+00   8.3000000e-01   5.7300000e+02   8.0947653e+01
   0.0000000e+00   5.0000000e+01   2.5000000e+02   0.0000000e+00   8.3333333e-01   2.8700000e+03   8.0567933e+01
   0.0000000e+00   5.0000000e+01   2.4900000e+02   1.0000000e+00   8.3000000e-01   5.8400000e+02   8.0735963e+01
   0.0000000e+00   5.0000000e+01   2.5000000e+02   0.0000000e+00   8.3333333e-01   9.6500000e+02   8.0144552e+01
   0.0000000e+00   5.0000000e+01   2.5000000e+02   0.0000000e+00   8.3333333e-01   2.5800000e+02   8.0555606e+01
   0.0000000e+00   5.0000000e+01   2.5000000e+02   0.0000000e+00   8.3333333e-01   5.1000000e+02   8.0934499e+01
   2.0000000e+00   4.8000000e+01   2.4600000e+02   4.0000000e+00   8.2666667e-01   2.8000000e+02   8.2280403e+01
   0.0000000e+00   5.0000000e+01   2.5000000e+02   0.0000000e+00   8.3333333e-01   6.4600000e+02   8.0627062e+01
   0.0000000e+00   5.0000000e+01   2.5000000e+02   0.0000000e+00   8.3333333e-01   1.0560000e+03   8.0519994e+01
   0.0000000e+00   5.0000000e+01   2.5000000e+02   0.0000000e+00   8.3333333e-01   7.3000000e+02   8.0987784e+01
   0.0000000e+00   5.0000000e+01   2.5000000e+02   0.0000000e+00   8.3333333e-01   2.7200000e+02   8.0817757e+01
   0.0000000e+00   5.0000000e+01   2.5000000e+02   0.0000000e+00   8.3333333e-01   4.9900000e+02   8.0641399e+01
   0.0000000e+00   5.0000000e+01   2.5000000e+02   0.0000000e+00   8.3333333e-01   7.5900000e+02   8.1279845e+01
   0.0000000e+00   5.0000000e+01   2.5000000e+02   0.0000000e+00   8.3333333e-01   1.0420000e+03   8.0294405e+01
   2.0000000e+00   4.8000000e+01   2.4700000e+02   3.0000000e+00   8.3000000e-01   4.8100000e+02   8.0989398e+01
   1.0000000e+00   4.9000000e+01   2.4800000e+02   2.0000000e+00   8.3000000e-01   3.7600000e+02   7.9929908e+01
   2.0000000e+00   4.8000000e+01   2.4700000e+02   3.0000000e+00   8.3000000e-01   4.4000000e+02   7.9764987e+01
   2.0000000e+00   4.8000000e+01   2.4500000e+02   5.0000000e+00   8.2333333e-01   3.4800000e+02   8.1515023e+01
   0.0000000e+00   5.0000000e+01   2.5000000e+02   0.0000000e+00   8.3333333e-01   9.2200000e+02   8.0052673e+01
   0.0000000e+00   5.0000000e+01   2.5000000e+02   0.0000000e+00   8.3333333e-01   1.4910000e+03   8.0689202e+01
   2.0000000e+00   4.8000000e+01   2.4500000e+02   5.0000000e+00   8.2333333e-01   5.2200000e+02   8.1171534e+01
   0.0000000e+00   5.0000000e+01   2.5000000e+02   0.0000000e+00   8.3333333e-01   3.5700000e+02   8.0410379e+01
   0.0000000e+00   5.0000000e+01   2.5000000e+02   0.0000000e+00   8.3333333e-01   7.8500000e+02   8.0388909e+01
   0.0000000e+00   5.0000000e+01   2.5000000e+02   0.0000000e+00   8.3333333e-01   9.5000000e+02   8.0498959e+01
   0.0000000e+00   5.0000000e+01   2.4800000e+02   2.0000000e+00   8.2666667e-01   8.9800000e+02   7.9988213e+01
   0.0000000e+00   5.0000000e+01   2.5000000e+02   0.0000000e+00   8.3333333e-01   1.6230000e+03   8.0643826e+01
   0.0000000e+00   5.0000000e+01   2.5000000e+02   0.0000000e+00   8.3333333e-01   7.6800000e+02   8.0695221e+01
   1.0000000e+00   4.9000000e+01   2.4800000e+02   2.0000000e+00   8.3000000e-01   1.1130000e+03   7.9982335e+01
   0.0000000e+00   5.0000000e+01   2.5000000e+02   0.0000000e+00   8.3333333e-01   1.0930000e+03   8.0807885e+01
   0.0000000e+00   5.0000000e+01   2.5000000e+02   0.0000000e+00   8.3333333e-01   7.4100000e+02   8.1252761e+01
   0.0000000e+00   5.0000000e+01   2.5000000e+02   0.0000000e+00   8.3333333e-01   2.9100000e+02   8.0346676e+01
   2.0000000e+00   4.8000000e+01   2.4700000e+02   3.0000000e+00   8.3000000e-01   1.0960000e+03   8.0664355e+01
   0.0000000e+00   5.0000000e+01   2.5000000e+02   0.0000000e+00   8.3333333e-01   7.9500000e+02   8.1298681e+01
   0.0000000e+00   5.0000000e+01   2.5000000e+02   0.0000000e+00   8.3333333e-01   7.4000000e+02   8.0822599e+01
   0.0000000e+00   5.0000000e+01   2.5000000e+02   0.0000000e+00   8.3333333e-01   4.2400000e+02   8.0739203e+01
   1.0000000e+00   4.9000000e+01   2.4900000e+02   1.0000000e+00   8.3333333e-01   3.3100000e+02   8.0704126e+01
   0.0000000e+00   5.0000000e+01   2.5000000e+02   0.0000000e+00   8.3333333e-01   9.0600000e+02   8.0084122e+01
   0.0000000e+00   5.0000000e+01   2.5000000e+02   0.0000000e+00   8.3333333e-01   1.2520000e+03   8.1559019e+01
   0.0000000e+00   5.0000000e+01   2.5000000e+02   0.0000000e+00   8.3333333e-01   9.0200000e+02   7.9930033e+01
   0.0000000e+00   5.0000000e+01   2.5000000e+02   0.0000000e+00   8.3333333e-01   1.1720000e+03   8.0578810e+01
   3.0000000e+00   4.7000000e+01   2.4500000e+02   5.0000000e+00   8.2666667e-01   5.8500000e+02   8.1583620e+01
   0.0000000e+00   5.0000000e+01   2.5000000e+02   0.0000000e+00   8.3333333e-01   8.1400000e+02   8.0611074e+01
   0.0000000e+00   5.0000000e+01   2.5000000e+02   0.0000000e+00   8.3333333e-01   8.5000000e+02   7.9792302e+01
   0.0000000e+00   5.0000000e+01   2.5000000e+02   0.0000000e+00   8.3333333e-01   6.2600000e+02   8.0399394e+01
   0.0000000e+00   5.0000000e+01   2.5000000e+02   0.0000000e+00   8.3333333e-01   3.4000000e+02   8.0399953e+01
   0.0000000e+00   5.0000000e+01   2.5000000e+02   0.0000000e+00   8.3333333e-01   7.6900000e+02   8.2044640e+01
   2.0000000e+00   4.8000000e+01   2.4500000e+02   5.0000000e+00   8.2333333e-01   1.3760000e+03   8.1397714e+01
   0.0000000e+00   5.0000000e+01   2.5000000e+02   0.0000000e+00   8.3333333e-01   4.2400000e+02   8.0120928e+01
   2.0000000e+00   4.8000000e+01   2.4500000e+02   5.0000000e+00   8.2333333e-01   4.1370000e+03   8.0664474e+01
   0.0000000e+00   5.0000000e+01   2.5000000e+02   0.0000000e+00   8.3333333e-01   8.9600000e+02   8.0261959e+01
   1.0000000e+00   4.9000000e+01   2.4800000e+02   2.0000000e+00   8.3000000e-01   2.9700000e+02   7.9790627e+01
   2.0000000e+00   4.8000000e+01   2.4600000e+02   4.0000000e+00   8.2666667e-01   5.2000000e+02   8.0331704e+01
   0.0000000e+00   5.0000000e+01   2.5000000e+02   0.0000000e+00   8.3333333e-01   1.0110000e+03   8.0417042e+01
   0.0000000e+00   5.0000000e+01   2.5000000e+02   0.0000000e+00   8.3333333e-01   8.1700000e+02   8.1062989e+01
   0.0000000e+00   5.0000000e+01   2.5000000e+02   0.0000000e+00   8.3333333e-01   4.8400000e+02   8.0395556e+01
   2.0000000e+00   4.8000000e+01   2.4700000e+02   3.0000000e+00   8.3000000e-01   3.3300000e+02   8.0990225e+01
   0.0000000e+00   5.0000000e+01   2.5000000e+02   0.0000000e+00   8.3333333e-01   3.1700000e+02   7.9931453e+01
   2.0000000e+00   4.8000000e+01   2.4500000e+02   5.0000000e+00   8.2333333e-01   8.9100000e+02   8.0916651e+01
   2.0000000e+00   4.8000000e+01   2.4500000e+02   5.0000000e+00   8.2333333e-01   4.6000000e+02   8.1346184e+01
