   0.0000000e+00   5.0000000e+01   2.5000000e+02   0.0000000e+00   8.3333333e-01   2.0800000e+02   8.2089213e+01
   0.0000000e+00   5.0000000e+01   2.5000000e+02   0.0000000e+00   8.3333333e-01   2.3700000e+02   8.1727379e+01
   0.0000000e+00   5.0000000e+01   2.4900000e+02   1.0000000e+00   8.3000000e-01   2.6800000e+02   8.1112795e+01
   0.0000000e+00   5.0000000e+01   2.5000000e+02   0.0000000e+00   8.3333333e-01   2.4900000e+02   8.1596000e+01
   0.0000000e+00   5.0000000e+01   2.5000000e+02   0.0000000e+00   8.3333333e-01   3.2000000e+02   8.3329297e+01
   0.0000000e+00   5.0000000e+01   2.5000000e+02   0.0000000e+00   8.3333333e-01   6.9200000e+02   8.1586061e+01
   0.0000000e+00   5.0000000e+01   2.5000000e+02   0.0000000e+00   8.3333333e-01   2.6900000e+02   8.1729404e+01
   0.0000000e+00   5.0000000e+01   2.5000000e+02   0.0000000e+00   8.3333333e-01   4.4700000e+02   8.1242777e+01
   0.0000000e+00   5.0000000e+01   2.5000000e+02   0.0000000e+00   8.3333333e-01   2.3800000e+02   8.2219396e+01
   0.0000000e+00   5.0000000e+01   2.5000000e+02   0.0000000e+00   8.3333333e-01   2.5300000e+02   8.2278600e+01
   0.0000000e+00   5.0000000e+01   2.5000000e+02   0.0000000e+00   8.3333333e-01   8.1900000e+02   8.1279191e+01
   0.0000000e+00   5.0000000e+01   2.5000000e+02   0.0000000e+00   8.3333333e-01   1.9600000e+02   8.2042458e+01
   0.0000000e+00   5.0000000e+01   2.5000000e+02   0.0000000e+00   8.3333333e-01   3.0600000e+02   8.1093685e+01
   0.0000000e+00   5.0000000e+01   2.5000000e+02   0.0000000e+00   8.3333333e-01   5.7800000e+02   8.1674680e+01
   0.0000000e+00   5.0000000e+01   2.5000000e+02   0.0000000e+00   8.3333333e-01   5.8200000e+02   8.1452714e+01
   0.0000000e+00   5.0000000e+01   2.5000000e+02   0.0000000e+00   8.3333333e-01   1.3020000e+03   8.1815142e+01
   0.0000000e+00   5.0000000e+01   2.5000000e+02   0.0000000e+00   8.3333333e-01   2.4600000e+02   8.2184185e+01
   0.0000000e+00   5.0000000e+01   2.5000000e+02   0.0000000e+00   8.3333333e-01   2.4600000e+02   8.1994621e+01
   0.0000000e+00   5.0000000e+01   2.5000000e+02   0.0000000e+00   8.3333333e-01   4.1300000e+02   8.1291508e+01
   0.0000000e+00   5.0000000e+01   2.5000000e+02   0.0000000e+00   8.3333333e-01   1.3350000e+03   8.1777168e+01
   0.0000000e+00   5.0000000e+01   2.5000000e+02   0.0000000e+00   8.3333333e-01   2.0800000e+02   8.2494483e+01
   0.0000000e+00   5.0000000e+01   2.5000000e+02   0.0000000e+00   8.3333333e-01   3.1800000e+02   8.3000980e+01
   0.0000000e+00   5.0000000e+01   2.5000000e+02   0.0000000e+00   8.3333333e-01   4.9200000e+02   8.1565767e+01
   0.0000000e+00   5.0000000e+01   2.5000000e+02   0.0000000e+00   8.3333333e-01   5.0400000e+02   8.1692190e+01
   0.0000000e+00   5.0000000e+01   2.5000000e+02   0.0000000e+00   8.3333333e-01   2.5900000e+02   8.1860476e+01
   0.0000000e+00   5.0000000e+01   2.5000000e+02   0.0000000e+00   8.3333333e-01   3.4900000e+02   8.2122025e+01
   0.0000000e+00   5.0000000e+01   2.5000000e+02   0.0000000e+00   8.3333333e-01   2.0600000e+02   8.2422291e+01
   0.0000000e+00   5.0000000e+01   2.5000000e+02   0.0000000e+00   8.3333333e-01   2.2700000e+02   8.2820376e+01
   0.0000000e+00   5.0000000e+01   2.5000000e+02   0.0000000e+00   8.3333333e-01   6.7200000e+02   8.2585336e+01
   0.0000000e+00   5.0000000e+01   2.5000000e+02   0.0000000e+00   8.3333333e-01   2.7400000e+02   8.2612065e+01
   1.0000000e+00   4.9000000e+01   2.4900000e+02   1.0000000e+00   8.3333333e-01   2.9500000e+02   8.1160744e+01
   0.0000000e+00   5.0000000e+01   2.5000000e+02   0.0000000e+00   8.3333333e-01   9.4700000e+02   8.1734093e+01
   0.0000000e+00   5.0000000e+01   2.5000000e+02   0.0000000e+00   8.3333333e-01   2.7600000e+02   8.2156132e+01
   0.0000000e+00   5.0000000e+01   2.5000000e+02   0.0000000e+00   8.3333333e-01   5.0700000e+02   8.2304666e+01
   0.0000000e+00   5.0000000e+01   2.5000000e+02   0.0000000e+00   8.3333333e-01   3.8800000e+02   8.2556285e+01
   0.0000000e+00   5.0000000e+01   2.5000000e+02   0.0000000e+00   8.3333333e-01   4.1300000e+02   8.1283576e+01
   0.0000000e+00   5.0000000e+01   2.5000000e+02   0.0000000e+00   8.3333333e-01   8.2900000e+02   8.1847553e+01
   0.0000000e+00   5.0000000e+01   2.5000000e+02   0.0000000e+00   8.3333333e-01   3.1500000e+02   8.1539939e+01
   0.0000000e+00   5.0000000e+01   2.5000000e+02   0.0000000e+00   8.3333333e-01   2.9900000e+02   8.0940046e+01
   0.0000000e+00   5.0000000e+01   2.5000000e+02   0.0000000e+00   8.3333333e-01   3.1500000e+02   8.2009359e+01
   0.0000000e+00   5.0000000e+01   2.5000000e+02   0.0000000e+00   8.3333333e-01   1.0100000e+03   8.1622832e+01
   0.0000000e+00   5.0000000e+01   2.5000000e+02   0.0000000e+00   8.3333333e-01   2.1600000e+02   8.2429670e+01
   0.0000000e+00   5.0000000e+01   2.5000000e+02   0.0000000e+00   8.3333333e-01   2.2800000e+02   8.1326956e+01
   0.0000000e+00   5.0000000e+01   2.5000000e+02   0.0000000e+00   8.3333333e-01   2.6800000e+02   8.2965454e+01
   0.0000000e+00   5.0000000e+01   2.5000000e+02   0.0000000e+00   8.3333333e-01   2.1900000e+02   8.1838435e+01
   0.0000000e+00   5.0000000e+01   2.5000000e+02   0.0000000e+00   8.3333333e-01   2.2000000e+02   8.2362064e+01
   0.0000000e+00   5.0000000e+01   2.5000000e+02   0.0000000e+00   8.3333333e-01   8.5700000e+02   8.2055880e+01
   0.0000000e+00   5.0000000e+01   2.5000000e+02   0.0000000e+00   8.3333333e-01   9.7400000e+02   8.1839317e+01
   0.0000000e+00   5.0000000e+01   2.5000000e+02   0.0000000e+00   8.3333333e-01   2.7000000e+02   8.1573558e+01
   0.0000000e+00   5.0000000e+01   2.5000000e+02   0.0000000e+00   8.3333333e-01   2.3900000e+02   8.0987124e+01
   0.0000000e+00   5.0000000e+01   2.5000000e+02   0.0000000e+00   8.3333333e-01   4.0100000e+02   8.1335152e+01
   0.0000000e+00   5.0000000e+01   2.5000000e+02   0.0000000e+00   8.3333333e-01   1.8200000e+02   8.1942120e+01
   0.0000000e+00   5.0000000e+01   2.5000000e+02   0.0000000e+00   8.3333333e-01   3.2300000e+02   8.2360897e+01
   0.0000000e+00   5.0000000e+01   2.5000000e+02   0.0000000e+00   8.3333333e-01   2.5200000e+02   8.1947250e+01
   0.0000000e+00   5.0000000e+01   2.5000000e+02   0.0000000e+00   8.3333333e-01   5.4000000e+02   8.1455531e+01
   0.0000000e+00   5.0000000e+01   2.5000000e+02   0.0000000e+00   8.3333333e-01   5.7700000e+02   8.1385976e+01
   0.0000000e+00   5.0000000e+01   2.5000000e+02   0.0000000e+00   8.3333333e-01   2.0300000e+02   8.1960233e+01
   0.0000000e+00   5.0000000e+01   2.5000000e+02   0.0000000e+00   8.3333333e-01   6.4300000e+02   8.1573015e+01
   0.0000000e+00   5.0000000e+01   2.5000000e+02   0.0000000e+00   8.3333333e-01   3.4700000e+02   8.1480192e+01
   0.0000000e+00   5.0000000e+01   2.5000000e+02   0.0000000e+00   8.3333333e-01   4.4700000e+02   8.2280312e+01
   0.0000000e+00   5.0000000e+01   2.5000000e+02   0.0000000e+00   8.3333333e-01   2.4800000e+02   8.2486288e+01
   0.0000000e+00   5.0000000e+01   2.5000000e+02   0.0000000e+00   8.3333333e-01   2.3700000e+02   8.2140077e+01
   0.0000000e+00   5.0000000e+01   2.5000000e+02   0.0000000e+00   8.3333333e-01   2.9900000e+02   8.1487376e+01
   0.0000000e+00   5.0000000e+01   2.5000000e+02   0.0000000e+00   8.3333333e-01   2.8800000e+02   8.2160133e+01
   0.0000000e+00   5.0000000e+01   2.5000000e+02   0.0000000e+00   8.3333333e-01   2.2120000e+03   8.1388682e+01
   0.0000000e+00   5.0000000e+01   2.5000000e+02   0.0000000e+00   8.3333333e-01   3.7100000e+02   8.2520620e+01
   0.0000000e+00   5.0000000e+01   2.5000000e+02   0.0000000e+00   8.3333333e-01   2.2700000e+02   8.1712517e+01
   0.0000000e+00   5.0000000e+01   2.5000000e+02   0.0000000e+00   8.3333333e-01   2.4000000e+02   8.2531815e+01
   0.0000000e+00   5.0000000e+01   2.5000000e+02   0.0000000e+00   8.3333333e-01   3.0300000e+02   8.1617694e+01
   0.0000000e+00   5.0000000e+01   2.5000000e+02   0.0000000e+00   8.3333333e-01   4.2600000e+02   8.1647474e+01
   0.0000000e+00   5.0000000e+01   2.5000000e+02   0.0000000e+00   8.3333333e-01   2.7400000e+02   8.1246978e+01
   0.0000000e+00   5.0000000e+01   2.5000000e+02   0.0000000e+00   8.3333333e-01   5.8300000e+02   8.1962711e+01
   0.0000000e+00   5.0000000e+01   2.5000000e+02   0.0000000e+00   8.3333333e-01   3.4400000e+02   8.2657365e+01
   0.0000000e+00   5.0000000e+01   2.5000000e+02   0.0000000e+00   8.3333333e-01   1.2910000e+03   8.1944516e+01
   0.0000000e+00   5.0000000e+01   2.5000000e+02   0.0000000e+00   8.3333333e-01   2.8300000e+02   8.1650287e+01
   0.0000000e+00   5.0000000e+01   2.5000000e+02   0.0000000e+00   8.3333333e-01   2.4500000e+02   8.1481545e+01
   0.0000000e+00   5.0000000e+01   2.5000000e+02   0.0000000e+00   8.3333333e-01   2.9500000e+02   8.0951702e+01
   0.0000000e+00   5.0000000e+01   2.5000000e+02   0.0000000e+00   8.3333333e-01   3.7000000e+02   8.2276100e+01
   0.0000000e+00   5.0000000e+01   2.5000000e+02   0.0000000e+00   8.3333333e-01   4.2200000e+02   8.1934627e+01
   0.0000000e+00   5.0000000e+01   2.5000000e+02   0.0000000e+00   8.3333333e-01   2.9300000e+02   8.2033866e+01
   0.0000000e+00   5.0000000e+01   2.5000000e+02   0.0000000e+00   8.3333333e-01   2.2800000e+02   8.2296947e+01
   0.0000000e+00   5.0000000e+01   2.5000000e+02   0.0000000e+00   8.3333333e-01   3.4000000e+02   8.2006551e+01
   0.0000000e+00   5.0000000e+01   2.5000000e+02   0.0000000e+00   8.3333333e-01   2.0100000e+02   8.1286931e+01
   0.0000000e+00   5.0000000e+01   2.5000000e+02   0.0000000e+00   8.3333333e-01   2.1800000e+02   8.1615990e+01
   0.0000000e+00   5.0000000e+01   2.5000000e+02   0.0000000e+00   8.3333333e-01   1.2700000e+03   8.1761921e+01
   0.0000000e+00   5.0000000e+01   2.5000000e+02   0.0000000e+00   8.3333333e-01   3.2300000e+02   8.2588150e+01
   0.0000000e+00   5.0000000e+01   2.5000000e+02   0.0000000e+00   8.3333333e-01   2.3400000e+02   8.1722602e+01
   0.0000000e+00   5.0000000e+01   2.5000000e+02   0.0000000e+00   8.3333333e-01   4.9300000e+02   8.2582024e+01
   0.0000000e+00   5.0000000e+01   2.5000000e+02   0.0000000e+00   8.3333333e-01   5.5700000e+02   8.1901176e+01
   0.0000000e+00   5.0000000e+01   2.5000000e+02   0.0000000e+00   8.3333333e-01   4.4200000e+02   8.1853160e+01
   0.0000000e+00   5.0000000e+01   2.5000000e+02   0.0000000e+00   8.3333333e-01   2.1900000e+02   8.2358815e+01
   0.0000000e+00   5.0000000e+01   2.5000000e+02   0.0000000e+00   8.3333333e-01   2.4300000e+02   8.2019180e+01
   0.0000000e+00   5.0000000e+01   2.5000000e+02   0.0000000e+00   8.3333333e-01   5.2800000e+02   8.1192101e+01
   0.0000000e+00   5.0000000e+01   2.5000000e+02   0.0000000e+00   8.3333333e-01   2.0600000e+02   8.2605254e+01
   0.0000000e+00   5.0000000e+01   2.5000000e+02   0.0000000e+00   8.3333333e-01   2.2000000e+02   8.2380194e+01
   0.0000000e+00   5.0000000e+01   2.5000000e+02   0.0000000e+00   8.3333333e-01   2.1400000e+02   8.1258410e+01
   0.0000000e+00   5.0000000e+01   2.5000000e+02   0.0000000e+00   8.3333333e-01   5.0500000e+02   8.2047250e+01
   0.0000000e+00   5.0000000e+01   2.5000000e+02   0.0000000e+00   8.3333333e-01   2.4600000e+02   8.1342417e+01
   0.0000000e+00   5.0000000e+01   2.5000000e+02   0.0000000e+00   8.3333333e-01   2.5700000e+02   8.1610253e+01
   0.0000000e+00   5.0000000e+01   2.5000000e+02   0.0000000e+00   8.3333333e-01   4.4600000e+02   8.1783449e+01
