   2.0000000e+00   4.8000000e+01   2.4500000e+02   5.0000000e+00   8.2333333e-01   2.7300000e+02   8.2043173e+01
   0.0000000e+00   5.0000000e+01   2.5000000e+02   0.0000000e+00   8.3333333e-01   5.4600000e+02   8.0649807e+01
   0.0000000e+00   5.0000000e+01   2.5000000e+02   0.0000000e+00   8.3333333e-01   3.2000000e+02   8.0875789e+01
   2.0000000e+00   4.8000000e+01   2.4500000e+02   5.0000000e+00   8.2333333e-01   4.7000000e+02   8.1631099e+01
   0.0000000e+00   5.0000000e+01   2.5000000e+02   0.0000000e+00   8.3333333e-01   3.8900000e+02   8.0166559e+01
   1.0000000e+00   4.9000000e+01   2.4800000e+02   2.0000000e+00   8.3000000e-01   6.4000000e+02   8.1494046e+01
   1.0000000e+00   4.9000000e+01   2.4900000e+02   1.0000000e+00   8.3333333e-01   5.9200000e+02   7.9667281e+01
   0.0000000e+00   5.0000000e+01   2.5000000e+02   0.0000000e+00   8.3333333e-01   3.9100000e+02   8.0044557e+01
   0.0000000e+00   5.0000000e+01   2.5000000e+02   0.0000000e+00   8.3333333e-01   1.8930000e+03   7.8589866e+01
   0.0000000e+00   5.0000000e+01   2.4900000e+02   1.0000000e+00   8.3000000e-01   4.8400000e+02   7.9975214e+01
   2.0000000e+00   4.8000000e+01   2.4500000e+02   5.0000000e+00   8.2333333e-01   2.7800000e+02   8.0197406e+01
   1.0000000e+00   4.9000000e+01   2.4800000e+02   2.0000000e+00   8.3000000e-01   1.1160000e+03   7.9350540e+01
   0.0000000e+00   5.0000000e+01   2.5000000e+02   0.0000000e+00   8.3333333e-01   5.7200000e+02   7.9842568e+01
   2.0000000e+00   4.8000000e+01   2.4600000e+02   4.0000000e+00   8.2666667e-01   1.3020000e+03   8.0231305e+01
   0.0000000e+00   5.0000000e+01   2.5000000e+02   0.0000000e+00   8.3333333e-01   9.3400000e+02   7.8406522e+01
   1.0000000e+00   4.9000000e+01   2.4800000e+02   2.0000000e+00   8.3000000e-01   8.7900000e+02   8.0746066e+01
   0.0000000e+00   5.0000000e+01   2.5000000e+02   0.0000000e+00   8.3333333e-01   8.1800000e+02   7.8454669e+01
   2.0000000e+00   4.8000000e+01   2.4700000e+02   3.0000000e+00   8.3000000e-01   5.6600000e+02   7.9588039e+01
   0.0000000e+00   5.0000000e+01   2.5000000e+02   0.0000000e+00   8.3333333e-01   2.9800000e+02   8.0258882e+01
   1.0000000e+00   4.9000000e+01   2.4800000e+02   2.0000000e+00   8.3000000e-01   6.1300000e+02   8.0652574e+01
   0.0000000e+00   5.0000000e+01   2.5000000e+02   0.0000000e+00   8.3333333e-01   7.9300000e+02   7.9796775e+01
   0.0000000e+00   5.0000000e+01   2.5000000e+02   0.0000000e+00   8.3333333e-01   4.6300000e+02   8.0686972e+01
   0.0000000e+00   5.0000000e+01   2.5000000e+02   0.0000000e+00   8.3333333e-01   8.6600000e+02   7.9472245e+01
   0.0000000e+00   5.0000000e+01   2.5000000e+02   0.0000000e+00   8.3333333e-01   3.3400000e+02   7.9970445e+01
   0.0000000e+00   5.0000000e+01   2.5000000e+02   0.0000000e+00   8.3333333e-01   5.4400000e+02   7.9861027e+01
   0.0000000e+00   5.0000000e+01   2.5000000e+02   0.0000000e+00   8.3333333e-01   3.3300000e+02   7.9435267e+01
   0.0000000e+00   5.0000000e+01   2.5000000e+02   0.0000000e+00   8.3333333e-01   3.9200000e+02   8.0063327e+01
   2.0000000e+00   4.8000000e+01   2.4700000e+02   3.0000000e+00   8.3000000e-01   6.1400000e+02   8.1185109e+01
   0.0000000e+00   5.0000000e+01   2.4900000e+02   1.0000000e+00   8.3000000e-01   4.4300000e+02   8.0970695e+01
   0.0000000e+00   5.0000000e+01   2.5000000e+02   0.0000000e+00   8.3333333e-01   3.5600000e+02   7.9226434e+01
   0.0000000e+00   5.0000000e+01   2.5000000e+02   0.0000000e+00   8.3333333e-01   3.5800000e+02   8.0290601e+01
   1.0000000e+00   4.9000000e+01   2.4800000e+02   2.0000000e+00   8.3000000e-01   5.5600000e+02   8.0239168e+01
   1.0000000e+00   4.9000000e+01   2.4800000e+02   2.0000000e+00   8.3000000e-01   4.6400000e+02   8.0227656e+01
   0.0000000e+00   5.0000000e+01   2.5000000e+02   0.0000000e+00   8.3333333e-01   7.4400000e+02   8.0975761e+01
   0.0000000e+00   5.0000000e+01   2.5000000e+02   0.0000000e+00   8.3333333e-01   3.9600000e+02   7.9678688e+01
   0.0000000e+00   5.0000000e+01   2.5000000e+02   0.0000000e+00   8.3333333e-01   4.2900000e+02   7.9844250e+01
   0.0000000e+00   5.0000000e+01   2.5000000e+02   0.0000000e+00   8.3333333e-01   1.0180000e+03   8.0780365e+01
   1.0000000e+00   4.9000000e+01   2.4800000e+02   2.0000000e+00   8.3000000e-01   7.7800000e+02   7.9860332e+01
   0.0000000e+00   5.0000000e+01   2.4900000e+02   1.0000000e+00   8.3000000e-01   6.2500000e+02   7.9187991e+01
   2.0000000e+00   4.8000000e+01   2.4600000e+02   4.0000000e+00   8.2666667e-01   5.5900000e+02   8.0404495e+01
   2.0000000e+00   4.8000000e+01   2.4500000e+02   5.0000000e+00   8.2333333e-01   6.1400000e+02   8.1556241e+01
   0.0000000e+00   5.0000000e+01   2.5000000e+02   0.0000000e+00   8.3333333e-01   7.8900000e+02   8.0119703e+01
   2.0000000e+00   4.8000000e+01   2.4600000e+02   4.0000000e+00   8.2666667e-01   1.4880000e+03   8.0133361e+01
   0.0000000e+00   5.0000000e+01   2.5000000e+02   0.0000000e+00   8.3333333e-01   6.6800000e+02   7.9473319e+01
   0.0000000e+00   5.0000000e+01   2.5000000e+02   0.0000000e+00   8.3333333e-01   6.0500000e+02   7.9994815e+01
   0.0000000e+00   5.0000000e+01   2.5000000e+02   0.0000000e+00   8.3333333e-01   6.4800000e+02   8.0354897e+01
   2.0000000e+00   4.8000000e+01   2.4700000e+02   3.0000000e+00   8.3000000e-01   5.8100000e+02   8.0271976e+01
   1.0000000e+00   4.9000000e+01   2.4800000e+02   2.0000000e+00   8.3000000e-01   8.4500000e+02   7.9620184e+01
   0.0000000e+00   5.0000000e+01   2.5000000e+02   0.0000000e+00   8.3333333e-01   6.4600000e+02   7.9640579e+01
   0.0000000e+00   5.0000000e+01   2.5000000e+02   0.0000000e+00   8.3333333e-01   5.2600000e+02   8.0105867e+01
   0.0000000e+00   5.0000000e+01   2.5000000e+02   0.0000000e+00   8.3333333e-01   5.5600000e+02   7.9506222e+01
   0.0000000e+00   5.0000000e+01   2.5000000e+02   0.0000000e+00   8.3333333e-01   1.0000000e+03   7.8918609e+01
   3.0000000e+00   4.7000000e+01   2.4400000e+02   6.0000000e+00   8.2333333e-01   6.4200000e+02   8.2987444e+01
   0.0000000e+00   5.0000000e+01   2.5000000e+02   0.0000000e+00   8.3333333e-01   4.6600000e+02   8.0469993e+01
   0.0000000e+00   5.0000000e+01   2.5000000e+02   0.0000000e+00   8.3333333e-01   2.6300000e+02   7.9569879e+01
   0.0000000e+00   5.0000000e+01   2.5000000e+02   0.0000000e+00   8.3333333e-01   5.2600000e+02   8.0361207e+01
   1.0000000e+00   4.9000000e+01   2.4800000e+02   2.0000000e+00   8.3000000e-01   4.8000000e+02   8.0184211e+01
   0.0000000e+00   5.0000000e+01   2.5000000e+02   0.0000000e+00   8.3333333e-01   5.0900000e+02   7.9634124e+01
   4.0000000e+00   4.6000000e+01   2.4400000e+02   6.0000000e+00   8.2666667e-01   8.6100000e+02   7.9771659e+01
   4.0000000e+00   4.6000000e+01   2.4700000e+02   3.0000000e+00   8.3666667e-01   7.2700000e+02   7.9375870e+01
   2.0000000e+00   4.8000000e+01   2.4700000e+02   3.0000000e+00   8.3000000e-01   7.9700000e+02   8.0917342e+01
   0.0000000e+00   5.0000000e+01   2.5000000e+02   0.0000000e+00   8.3333333e-01   1.4470000e+03   7.9554198e+01
   0.0000000e+00   5.0000000e+01   2.5000000e+02   0.0000000e+00   8.3333333e-01   7.6100000e+02   7.9750222e+01
   0.0000000e+00   5.0000000e+01   2.5000000e+02   0.0000000e+00   8.3333333e-01   7.1900000e+02   8.0203199e+01
   2.0000000e+00   4.8000000e+01   2.4700000e+02   3.0000000e+00   8.3000000e-01   6.1500000e+02   8.0718108e+01
   2.0000000e+00   4.8000000e+01   2.4700000e+02   3.0000000e+00   8.3000000e-01   8.7700000e+02   8.0163989e+01
   0.0000000e+00   5.0000000e+01   2.5000000e+02   0.0000000e+00   8.3333333e-01   8.6600000e+02   8.0208336e+01
   0.0000000e+00   5.0000000e+01   2.5000000e+02   0.0000000e+00   8.3333333e-01   8.2300000e+02   8.0620484e+01
   0.0000000e+00   5.0000000e+01   2.5000000e+02   0.0000000e+00   8.3333333e-01   4.4400000e+02   7.9765009e+01
   2.0000000e+00   4.8000000e+01   2.4700000e+02   3.0000000e+00   8.3000000e-01   3.4200000e+02   8.0436938e+01
   0.0000000e+00   5.0000000e+01   2.4900000e+02   1.0000000e+00   8.3000000e-01   1.9160000e+03   7.8380321e+01
   2.0000000e+00   4.8000000e+01   2.4500000e+02   5.0000000e+00   8.2333333e-01   7.5400000e+02   8.0106219e+01
   0.0000000e+00   5.0000000e+01   2.5000000e+02   0.0000000e+00   8.3333333e-01   4.3400000e+02   8.0042724e+01
   2.0000000e+00   4.8000000e+01   2.4700000e+02   3.0000000e+00   8.3000000e-01   6.0000000e+02   7.9773063e+01
   0.0000000e+00   5.0000000e+01   2.5000000e+02   0.0000000e+00   8.3333333e-01   9.5600000e+02   7.8637549e+01
   0.0000000e+00   5.0000000e+01   2.5000000e+02   0.0000000e+00   8.3333333e-01   5.8000000e+02   7.9242266e+01
   0.0000000e+00   5.0000000e+01   2.5000000e+02   0.0000000e+00   8.3333333e-01   3.8000000e+02   8.0152068e+01
   0.0000000e+00   5.0000000e+01   2.5000000e+02   0.0000000e+00   8.3333333e-01   2.0790000e+03   7.8594993e+01
   1.0000000e+00   4.9000000e+01   2.4800000e+02   2.0000000e+00   8.3000000e-01   1.3140000e+03   8.0842108e+01
   0.0000000e+00   5.0000000e+01   2.5000000e+02   0.0000000e+00   8.3333333e-01   9.4300000e+02   7.9669207e+01
   0.0000000e+00   5.0000000e+01   2.4900000e+02   1.0000000e+00   8.3000000e-01   2.2600000e+02   8.1176462e+01
   0.0000000e+00   5.0000000e+01   2.5000000e+02   0.0000000e+00   8.3333333e-01   4.8800000e+02   7.9864462e+01
   0.0000000e+00   5.0000000e+01   2.5000000e+02   0.0000000e+00   8.3333333e-01   4.2300000e+02   7.9504741e+01
   0.0000000e+00   5.0000000e+01   2.5000000e+02   0.0000000e+00   8.3333333e-01   4.7100000e+02   7.9830705e+01
   0.0000000e+00   5.0000000e+01   2.5000000e+02   0.0000000e+00   8.3333333e-01   5.4100000e+02   7.9325975e+01
   0.0000000e+00   5.0000000e+01   2.4900000e+02   1.0000000e+00   8.3000000e-01   3.9200000e+02   7.9669042e+01
   0.0000000e+00   5.0000000e+01   2.5000000e+02   0.0000000e+00   8.3333333e-01   8.5200000e+02   7.9463945e+01
   1.0000000e+00   4.9000000e+01   2.4800000e+02   2.0000000e+00   8.3000000e-01   7.0300000e+02   8.0119672e+01
   0.0000000e+00   5.0000000e+01   2.5000000e+02   0.0000000e+00   8.3333333e-01   4.8600000e+02   8.0316407e+01
   2.0000000e+00   4.8000000e+01   2.4500000e+02   5.0000000e+00   8.2333333e-01   5.7100000e+02   8.1817389e+01
   0.0000000e+00   5.0000000e+01   2.5000000e+02   0.0000000e+00   8.3333333e-01   6.0900000e+02   7.8325186e+01
   0.0000000e+00   5.0000000e+01   2.5000000e+02   0.0000000e+00   8.3333333e-01   4.5800000e+02   7.9483930e+01
   0.0000000e+00   5.0000000e+01   2.5000000e+02   0.0000000e+00   8.3333333e-01   1.0300000e+03   8.2114692e+01
   0.0000000e+00   5.0000000e+01   2.5000000e+02   0.0000000e+00   8.3333333e-01   5.8700000e+02   7.9183098e+01
   0.0000000e+00   5.0000000e+01   2.4900000e+02   1.0000000e+00   8.3000000e-01   4.6100000e+02   7.9776997e+01
   0.0000000e+00   5.0000000e+01   2.5000000e+02   0.0000000e+00   8.3333333e-01   1.2350000e+03   7.8513501e+01
   0.0000000e+00   5.0000000e+01   2.5000000e+02   0.0000000e+00   8.3333333e-01   3.4100000e+02   8.1806988e+01
   0.0000000e+00   5.0000000e+01   2.5000000e+02   0.0000000e+00   8.3333333e-01   6.0500000e+02   7.9899293e+01
   1.0000000e+00   4.9000000e+01   2.4800000e+02   2.0000000e+00   8.3000000e-01   3.0000000e+02   8.0165915e+01
   0.0000000e+00   5.0000000e+01   2.5000000e+02   0.0000000e+00   8.3333333e-01   4.4300000e+02   7.8857659e+01
