   0.0000000e+00   2.8000000e+01   2.7200000e+02   0.0000000e+00   9.0666667e-01   4.3200000e+02   4.8385363e+01
   0.0000000e+00   2.8000000e+01   2.7200000e+02   0.0000000e+00   9.0666667e-01   3.9400000e+02   4.7767434e+01
   0.0000000e+00   2.8000000e+01   2.7200000e+02   0.0000000e+00   9.0666667e-01   9.1400000e+02   4.9333165e+01
   0.0000000e+00   2.8000000e+01   2.7200000e+02   0.0000000e+00   9.0666667e-01   3.2700000e+02   4.8861828e+01
   0.0000000e+00   2.8000000e+01   2.7200000e+02   0.0000000e+00   9.0666667e-01   2.5100000e+02   5.0121963e+01
   0.0000000e+00   2.8000000e+01   2.7200000e+02   0.0000000e+00   9.0666667e-01   5.1500000e+02   4.8965531e+01
   0.0000000e+00   2.8000000e+01   2.7200000e+02   0.0000000e+00   9.0666667e-01   2.7300000e+02   4.9665109e+01
   0.0000000e+00   2.8000000e+01   2.7200000e+02   0.0000000e+00   9.0666667e-01   2.8400000e+02   4.9335299e+01
   0.0000000e+00   2.8000000e+01   2.7200000e+02   0.0000000e+00   9.0666667e-01   3.0200000e+02   4.9032283e+01
   0.0000000e+00   2.8000000e+01   2.7200000e+02   0.0000000e+00   9.0666667e-01   3.4800000e+02   4.9593771e+01
   0.0000000e+00   2.8000000e+01   2.7200000e+02   0.0000000e+00   9.0666667e-01   3.5100000e+02   4.8053205e+01
   0.0000000e+00   2.8000000e+01   2.7200000e+02   0.0000000e+00   9.0666667e-01   4.5800000e+02   4.8810080e+01
   0.0000000e+00   2.8000000e+01   2.7200000e+02   0.0000000e+00   9.0666667e-01   2.6900000e+02   4.9333490e+01
   0.0000000e+00   2.8000000e+01   2.7200000e+02   0.0000000e+00   9.0666667e-01   8.0000000e+02   4.8859608e+01
   0.0000000e+00   2.8000000e+01   2.7200000e+02   0.0000000e+00   9.0666667e-01   2.6300000e+02   4.9592882e+01
   0.0000000e+00   2.8000000e+01   2.7200000e+02   0.0000000e+00   9.0666667e-01   3.6400000e+02   4.9114222e+01
   0.0000000e+00   2.8000000e+01   2.7200000e+02   0.0000000e+00   9.0666667e-01   2.1100000e+02   4.9009393e+01
   0.0000000e+00   2.8000000e+01   2.7200000e+02   0.0000000e+00   9.0666667e-01   3.7700000e+02   4.9585127e+01
   0.0000000e+00   2.8000000e+01   2.7200000e+02   0.0000000e+00   9.0666667e-01   3.1100000e+02   4.9317117e+01
   0.0000000e+00   2.8000000e+01   2.7200000e+02   0.0000000e+00   9.0666667e-01   5.0700000e+02   4.8823189e+01
   0.0000000e+00   2.8000000e+01   2.7200000e+02   0.0000000e+00   9.0666667e-01   4.1800000e+02   4.9213936e+01
   0.0000000e+00   2.8000000e+01   2.7200000e+02   0.0000000e+00   9.0666667e-01   2.8000000e+02   4.8988350e+01
   0.0000000e+00   2.8000000e+01   2.7200000e+02   0.0000000e+00   9.0666667e-01   3.1900000e+02   4.8480471e+01
   0.0000000e+00   2.8000000e+01   2.7200000e+02   0.0000000e+00   9.0666667e-01   2.5600000e+02   4.9160310e+01
   0.0000000e+00   2.8000000e+01   2.7200000e+02   0.0000000e+00   9.0666667e-01   3.4300000e+02   4.9398720e+01
   0.0000000e+00   2.8000000e+01   2.7200000e+02   0.0000000e+00   9.0666667e-01   2.2400000e+02   4.7877453e+01
   0.0000000e+00   2.8000000e+01   2.7200000e+02   0.0000000e+00   9.0666667e-01   5.1200000e+02   4.9209311e+01
   0.0000000e+00   2.8000000e+01   2.7200000e+02   0.0000000e+00   9.0666667e-01   2.7300000e+02   4.8964967e+01
   0.0000000e+00   2.8000000e+01   2.7200000e+02   0.0000000e+00   9.0666667e-01   4.1500000e+02   4.9592727e+01
   0.0000000e+00   2.8000000e+01   2.7200000e+02   0.0000000e+00   9.0666667e-01   2.4500000e+02   4.8695724e+01
   0.0000000e+00   2.8000000e+01   2.7200000e+02   0.0000000e+00   9.0666667e-01   3.5900000e+02   5.0253550e+01
   0.0000000e+00   2.8000000e+01   2.7200000e+02   0.0000000e+00   9.0666667e-01   8.3700000e+02   4.9223680e+01
   0.0000000e+00   2.8000000e+01   2.7200000e+02   0.0000000e+00   9.0666667e-01   3.2700000e+02   4.8951030e+01
   0.0000000e+00   2.8000000e+01   2.7200000e+02   0.0000000e+00   9.0666667e-01   8.4500000e+02   4.9041117e+01
   0.0000000e+00   2.8000000e+01   2.7200000e+02   0.0000000e+00   9.0666667e-01   4.2400000e+02   4.8787004e+01
   0.0000000e+00   2.8000000e+01   2.7200000e+02   0.0000000e+00   9.0666667e-01   2.6500000e+02   4.7466810e+01
   0.0000000e+00   2.8000000e+01   2.7200000e+02   0.0000000e+00   9.0666667e-01   3.2100000e+02   4.9781894e+01
   0.0000000e+00   2.8000000e+01   2.7200000e+02   0.0000000e+00   9.0666667e-01   6.7200000e+02   4.9177511e+01
   0.0000000e+00   2.8000000e+01   2.7200000e+02   0.0000000e+00   9.0666667e-01   2.6000000e+02   4.9276258e+01
   0.0000000e+00   2.8000000e+01   2.7200000e+02   0.0000000e+00   9.0666667e-01   3.5600000e+02   4.8775208e+01
   0.0000000e+00   2.8000000e+01   2.7200000e+02   0.0000000e+00   9.0666667e-01   3.5900000e+02   4.9205017e+01
   0.0000000e+00   2.8000000e+01   2.7200000e+02   0.0000000e+00   9.0666667e-01   2.0000000e+02   4.9557709e+01
   0.0000000e+00   2.8000000e+01   2.7200000e+02   0.0000000e+00   9.0666667e-01   4.1300000e+02   4.9046653e+01
   0.0000000e+00   2.8000000e+01   2.7200000e+02   0.0000000e+00   9.0666667e-01   3.4800000e+02   4.9105981e+01
   0.0000000e+00   2.8000000e+01   2.7200000e+02   0.0000000e+00   9.0666667e-01   4.0500000e+02   4.8895827e+01
   0.0000000e+00   2.8000000e+01   2.7200000e+02   0.0000000e+00   9.0666667e-01   6.6300000e+02   4.8996765e+01
   0.0000000e+00   2.8000000e+01   2.7200000e+02   0.0000000e+00   9.0666667e-01   2.9500000e+02   5.0558885e+01
   0.0000000e+00   2.8000000e+01   2.7200000e+02   0.0000000e+00   9.0666667e-01   5.1500000e+02   4.8674375e+01
   0.0000000e+00   2.8000000e+01   2.7200000e+02   0.0000000e+00   9.0666667e-01   4.1600000e+02   4.9191285e+01
   0.0000000e+00   2.8000000e+01   2.7200000e+02   0.0000000e+00   9.0666667e-01   4.2000000e+02   4.7876276e+01
   0.0000000e+00   2.8000000e+01   2.7200000e+02   0.0000000e+00   9.0666667e-01   7.0200000e+02   4.8903026e+01
   0.0000000e+00   2.8000000e+01   2.7200000e+02   0.0000000e+00   9.0666667e-01   3.3600000e+02   4.9090347e+01
   0.0000000e+00   2.8000000e+01   2.7200000e+02   0.0000000e+00   9.0666667e-01   7.5400000e+02   4.9228781e+01
   0.0000000e+00   2.8000000e+01   2.7200000e+02   0.0000000e+00   9.0666667e-01   1.4800000e+02   4.8840804e+01
   0.0000000e+00   2.8000000e+01   2.7200000e+02   0.0000000e+00   9.0666667e-01   2.2200000e+02   4.8699542e+01
   0.0000000e+00   2.8000000e+01   2.7200000e+02   0.0000000e+00   9.0666667e-01   5.4800000e+02   4.9211749e+01
   0.0000000e+00   2.8000000e+01   2.7200000e+02   0.0000000e+00   9.0666667e-01   6.0700000e+02   4.9276643e+01
   0.0000000e+00   2.8000000e+01   2.7200000e+02   0.0000000e+00   9.0666667e-01   1.6500000e+02   4.8324457e+01
   0.0000000e+00   2.8000000e+01   2.7200000e+02   0.0000000e+00   9.0666667e-01   3.0700000e+02   4.8938865e+01
   0.0000000e+00   2.8000000e+01   2.7200000e+02   0.0000000e+00   9.0666667e-01   3.9800000e+02   4.9010594e+01
   0.0000000e+00   2.8000000e+01   2.7200000e+02   0.0000000e+00   9.0666667e-01   3.9300000e+02   4.9114596e+01
   0.0000000e+00   2.8000000e+01   2.7200000e+02   0.0000000e+00   9.0666667e-01   1.7500000e+02   4.8846068e+01
   0.0000000e+00   2.8000000e+01   2.7200000e+02   0.0000000e+00   9.0666667e-01   8.3500000e+02   4.9295174e+01
   0.0000000e+00   2.8000000e+01   2.7200000e+02   0.0000000e+00   9.0666667e-01   4.6300000e+02   4.9678107e+01
   0.0000000e+00   2.8000000e+01   2.7200000e+02   0.0000000e+00   9.0666667e-01   4.1100000e+02   4.8571469e+01
   0.0000000e+00   2.8000000e+01   2.7200000e+02   0.0000000e+00   9.0666667e-01   3.1700000e+02   4.9241393e+01
   0.0000000e+00   2.8000000e+01   2.7200000e+02   0.0000000e+00   9.0666667e-01   3.0200000e+02   4.8976391e+01
   0.0000000e+00   2.8000000e+01   2.7200000e+02   0.0000000e+00   9.0666667e-01   3.2600000e+02   4.9414852e+01
   0.0000000e+00   2.8000000e+01   2.7200000e+02   0.0000000e+00   9.0666667e-01   2.8400000e+02   4.9595360e+01
   0.0000000e+00   2.8000000e+01   2.7200000e+02   0.0000000e+00   9.0666667e-01   5.6700000e+02   4.9822651e+01
   0.0000000e+00   2.8000000e+01   2.7200000e+02   0.0000000e+00   9.0666667e-01   2.7600000e+02   4.9307082e+01
   0.0000000e+00   2.8000000e+01   2.7200000e+02   0.0000000e+00   9.0666667e-01   2.9600000e+02   4.9993886e+01
   0.0000000e+00   2.8000000e+01   2.7200000e+02   0.0000000e+00   9.0666667e-01   4.4000000e+02   4.8991271e+01
   0.0000000e+00   2.8000000e+01   2.7200000e+02   0.0000000e+00   9.0666667e-01   1.2530000e+03   4.8889764e+01
   0.0000000e+00   2.8000000e+01   2.7200000e+02   0.0000000e+00   9.0666667e-01   8.1700000e+02   4.8856495e+01
   0.0000000e+00   2.8000000e+01   2.7200000e+02   0.0000000e+00   9.0666667e-01   3.8600000e+02   4.9352564e+01
   0.0000000e+00   2.8000000e+01   2.7200000e+02   0.0000000e+00   9.0666667e-01   6.5000000e+02   4.8790493e+01
   0.0000000e+00   2.8000000e+01   2.7200000e+02   0.0000000e+00   9.0666667e-01   3.8500000e+02   4.9056905e+01
   0.0000000e+00   2.8000000e+01   2.7200000e+02   0.0000000e+00   9.0666667e-01   1.7500000e+02   4.8670214e+01
   0.0000000e+00   2.8000000e+01   2.7200000e+02   0.0000000e+00   9.0666667e-01   5.5800000e+02   4.8968846e+01
   0.0000000e+00   2.8000000e+01   2.7200000e+02   0.0000000e+00   9.0666667e-01   4.8900000e+02   4.9208692e+01
   0.0000000e+00   2.8000000e+01   2.7200000e+02   0.0000000e+00   9.0666667e-01   1.9000000e+02   4.9347573e+01
   0.0000000e+00   2.8000000e+01   2.7200000e+02   0.0000000e+00   9.0666667e-01   4.3300000e+02   4.9092288e+01
   0.0000000e+00   2.8000000e+01   2.7200000e+02   0.0000000e+00   9.0666667e-01   2.5700000e+02   5.0722049e+01
   0.0000000e+00   2.8000000e+01   2.7200000e+02   0.0000000e+00   9.0666667e-01   4.5300000e+02   4.9032559e+01
   0.0000000e+00   2.8000000e+01   2.7200000e+02   0.0000000e+00   9.0666667e-01   1.9400000e+02   4.8306570e+01
   0.0000000e+00   2.8000000e+01   2.7200000e+02   0.0000000e+00   9.0666667e-01   3.7000000e+02   4.9084654e+01
   0.0000000e+00   2.8000000e+01   2.7200000e+02   0.0000000e+00   9.0666667e-01   1.2100000e+03   4.8916452e+01
   0.0000000e+00   2.8000000e+01   2.7200000e+02   0.0000000e+00   9.0666667e-01   3.2600000e+02   4.9206433e+01
   0.0000000e+00   2.8000000e+01   2.7200000e+02   0.0000000e+00   9.0666667e-01   3.3600000e+02   4.7391155e+01
   0.0000000e+00   2.8000000e+01   2.7200000e+02   0.0000000e+00   9.0666667e-01   4.1200000e+02   4.8303788e+01
   0.0000000e+00   2.8000000e+01   2.7200000e+02   0.0000000e+00   9.0666667e-01   2.1700000e+02   4.8805165e+01
   0.0000000e+00   2.8000000e+01   2.7200000e+02   0.0000000e+00   9.0666667e-01   4.4200000e+02   4.8861736e+01
   0.0000000e+00   2.8000000e+01   2.7200000e+02   0.0000000e+00   9.0666667e-01   2.0700000e+02   4.9002916e+01
   0.0000000e+00   2.8000000e+01   2.7200000e+02   0.0000000e+00   9.0666667e-01   5.4300000e+02   4.8954745e+01
   0.0000000e+00   2.8000000e+01   2.7200000e+02   0.0000000e+00   9.0666667e-01   7.9500000e+02   4.9073597e+01
   0.0000000e+00   2.8000000e+01   2.7200000e+02   0.0000000e+00   9.0666667e-01   2.9900000e+02   4.8996884e+01
   0.0000000e+00   2.8000000e+01   2.7200000e+02   0.0000000e+00   9.0666667e-01   2.0500000e+02   4.8841396e+01
   0.0000000e+00   2.8000000e+01   2.7200000e+02   0.0000000e+00   9.0666667e-01   3.7300000e+02   4.9120353e+01
   0.0000000e+00   2.8000000e+01   2.7200000e+02   0.0000000e+00   9.0666667e-01   6.0400000e+02   4.9141613e+01
