   0.0000000e+00   1.9000000e+01   2.8100000e+02   0.0000000e+00   9.3666667e-01   3.6800000e+02   3.5248592e+01
   0.0000000e+00   1.9000000e+01   2.8100000e+02   0.0000000e+00   9.3666667e-01   3.4800000e+02   3.5717030e+01
   0.0000000e+00   1.9000000e+01   2.8100000e+02   0.0000000e+00   9.3666667e-01   7.6900000e+02   3.5327387e+01
   0.0000000e+00   1.9000000e+01   2.8100000e+02   0.0000000e+00   9.3666667e-01   2.6800000e+02   3.5191233e+01
   0.0000000e+00   1.9000000e+01   2.8100000e+02   0.0000000e+00   9.3666667e-01   2.9600000e+02   3.5428415e+01
   0.0000000e+00   1.9000000e+01   2.8100000e+02   0.0000000e+00   9.3666667e-01   2.4700000e+02   3.5150242e+01
   0.0000000e+00   1.9000000e+01   2.8100000e+02   0.0000000e+00   9.3666667e-01   8.0300000e+02   3.5366421e+01
   0.0000000e+00   1.9000000e+01   2.8100000e+02   0.0000000e+00   9.3666667e-01   3.5400000e+02   3.5216550e+01
   0.0000000e+00   1.9000000e+01   2.8100000e+02   0.0000000e+00   9.3666667e-01   2.8900000e+02   3.5276491e+01
   0.0000000e+00   1.9000000e+01   2.8100000e+02   0.0000000e+00   9.3666667e-01   6.2900000e+02   3.5371867e+01
   0.0000000e+00   1.9000000e+01   2.8100000e+02   0.0000000e+00   9.3666667e-01   5.2000000e+02   3.5449726e+01
   0.0000000e+00   1.9000000e+01   2.8100000e+02   0.0000000e+00   9.3666667e-01   2.4200000e+02   3.5249539e+01
   0.0000000e+00   1.9000000e+01   2.8100000e+02   0.0000000e+00   9.3666667e-01   4.3400000e+02   3.5052432e+01
   0.0000000e+00   1.9000000e+01   2.8100000e+02   0.0000000e+00   9.3666667e-01   1.8700000e+02   3.5317608e+01
   0.0000000e+00   1.9000000e+01   2.8100000e+02   0.0000000e+00   9.3666667e-01   5.1100000e+02   3.5093842e+01
   0.0000000e+00   1.9000000e+01   2.8100000e+02   0.0000000e+00   9.3666667e-01   3.5600000e+02   3.5009165e+01
   0.0000000e+00   1.9000000e+01   2.8100000e+02   0.0000000e+00   9.3666667e-01   8.0100000e+02   3.5116473e+01
   0.0000000e+00   1.9000000e+01   2.8100000e+02   0.0000000e+00   9.3666667e-01   4.3200000e+02   3.5383422e+01
   0.0000000e+00   1.9000000e+01   2.8100000e+02   0.0000000e+00   9.3666667e-01   1.2050000e+03   3.5237319e+01
   0.0000000e+00   1.9000000e+01   2.8100000e+02   0.0000000e+00   9.3666667e-01   2.9600000e+02   3.5275718e+01
   0.0000000e+00   1.9000000e+01   2.8100000e+02   0.0000000e+00   9.3666667e-01   6.0000000e+02   3.5015265e+01
   0.0000000e+00   1.9000000e+01   2.8100000e+02   0.0000000e+00   9.3666667e-01   2.3400000e+02   3.5492977e+01
   0.0000000e+00   1.9000000e+01   2.8100000e+02   0.0000000e+00   9.3666667e-01   2.9000000e+02   3.5336531e+01
   0.0000000e+00   1.9000000e+01   2.8100000e+02   0.0000000e+00   9.3666667e-01   2.6600000e+02   3.5413698e+01
   0.0000000e+00   1.9000000e+01   2.8100000e+02   0.0000000e+00   9.3666667e-01   3.6700000e+02   3.5007974e+01
   0.0000000e+00   1.9000000e+01   2.8100000e+02   0.0000000e+00   9.3666667e-01   4.7500000e+02   3.5285404e+01
   0.0000000e+00   1.9000000e+01   2.8100000e+02   0.0000000e+00   9.3666667e-01   3.9200000e+02   3.4886397e+01
   0.0000000e+00   1.9000000e+01   2.8100000e+02   0.0000000e+00   9.3666667e-01   3.2800000e+02   3.5222541e+01
   0.0000000e+00   1.9000000e+01   2.8100000e+02   0.0000000e+00   9.3666667e-01   3.3600000e+02   3.5361266e+01
   0.0000000e+00   1.9000000e+01   2.8100000e+02   0.0000000e+00   9.3666667e-01   4.5100000e+02   3.5020328e+01
   0.0000000e+00   1.9000000e+01   2.8100000e+02   0.0000000e+00   9.3666667e-01   3.3500000e+02   3.5343653e+01
   0.0000000e+00   1.9000000e+01   2.8100000e+02   0.0000000e+00   9.3666667e-01   1.1200000e+03   3.5526428e+01
   0.0000000e+00   1.9000000e+01   2.8100000e+02   0.0000000e+00   9.3666667e-01   8.1600000e+02   3.5035876e+01
   0.0000000e+00   1.9000000e+01   2.8100000e+02   0.0000000e+00   9.3666667e-01   2.6600000e+02   3.5506111e+01
   0.0000000e+00   1.9000000e+01   2.8100000e+02   0.0000000e+00   9.3666667e-01   7.8900000e+02   3.5145807e+01
   0.0000000e+00   1.9000000e+01   2.8100000e+02   0.0000000e+00   9.3666667e-01   5.4900000e+02   3.4986171e+01
   0.0000000e+00   1.9000000e+01   2.8100000e+02   0.0000000e+00   9.3666667e-01   9.1100000e+02   3.5250619e+01
   0.0000000e+00   1.9000000e+01   2.8100000e+02   0.0000000e+00   9.3666667e-01   1.0880000e+03   3.5566357e+01
   0.0000000e+00   1.9000000e+01   2.8100000e+02   0.0000000e+00   9.3666667e-01   2.5500000e+02   3.5334805e+01
   0.0000000e+00   1.9000000e+01   2.8100000e+02   0.0000000e+00   9.3666667e-01   1.0030000e+03   3.5271277e+01
   0.0000000e+00   1.9000000e+01   2.8100000e+02   0.0000000e+00   9.3666667e-01   8.5500000e+02   3.5150656e+01
   0.0000000e+00   1.9000000e+01   2.8100000e+02   0.0000000e+00   9.3666667e-01   3.6900000e+02   3.5097191e+01
   0.0000000e+00   1.9000000e+01   2.8100000e+02   0.0000000e+00   9.3666667e-01   2.0800000e+02   3.5178828e+01
   0.0000000e+00   1.9000000e+01   2.8100000e+02   0.0000000e+00   9.3666667e-01   2.7300000e+02   3.5409537e+01
   0.0000000e+00   1.9000000e+01   2.8100000e+02   0.0000000e+00   9.3666667e-01   8.3400000e+02   3.5294968e+01
   0.0000000e+00   1.9000000e+01   2.8100000e+02   0.0000000e+00   9.3666667e-01   4.6400000e+02   3.5178484e+01
   0.0000000e+00   1.9000000e+01   2.8100000e+02   0.0000000e+00   9.3666667e-01   8.2000000e+02   3.5278166e+01
   0.0000000e+00   1.9000000e+01   2.8100000e+02   0.0000000e+00   9.3666667e-01   2.7400000e+02   3.4915857e+01
   0.0000000e+00   1.9000000e+01   2.8100000e+02   0.0000000e+00   9.3666667e-01   6.1800000e+02   3.4898381e+01
   0.0000000e+00   1.9000000e+01   2.8100000e+02   0.0000000e+00   9.3666667e-01   5.0300000e+02   3.5043284e+01
   0.0000000e+00   1.9000000e+01   2.8100000e+02   0.0000000e+00   9.3666667e-01   5.0100000e+02   3.5518309e+01
   0.0000000e+00   1.9000000e+01   2.8100000e+02   0.0000000e+00   9.3666667e-01   8.5000000e+02   3.5072107e+01
   0.0000000e+00   1.9000000e+01   2.8100000e+02   0.0000000e+00   9.3666667e-01   3.3200000e+02   3.5470211e+01
   0.0000000e+00   1.9000000e+01   2.8100000e+02   0.0000000e+00   9.3666667e-01   3.1900000e+02   3.5378223e+01
   0.0000000e+00   1.9000000e+01   2.8100000e+02   0.0000000e+00   9.3666667e-01   6.8200000e+02   3.5089320e+01
   0.0000000e+00   1.9000000e+01   2.8100000e+02   0.0000000e+00   9.3666667e-01   2.9800000e+02   3.5054756e+01
   0.0000000e+00   1.9000000e+01   2.8100000e+02   0.0000000e+00   9.3666667e-01   3.9200000e+02   3.4968478e+01
   0.0000000e+00   1.9000000e+01   2.8100000e+02   0.0000000e+00   9.3666667e-01   5.5700000e+02   3.5460129e+01
   0.0000000e+00   1.9000000e+01   2.8100000e+02   0.0000000e+00   9.3666667e-01   3.4600000e+02   3.4865572e+01
   0.0000000e+00   1.9000000e+01   2.8100000e+02   0.0000000e+00   9.3666667e-01   6.1300000e+02   3.5526208e+01
   0.0000000e+00   1.9000000e+01   2.8100000e+02   0.0000000e+00   9.3666667e-01   7.3700000e+02   3.5227009e+01
   0.0000000e+00   1.9000000e+01   2.8100000e+02   0.0000000e+00   9.3666667e-01   7.3100000e+02   3.5046745e+01
   0.0000000e+00   1.9000000e+01   2.8100000e+02   0.0000000e+00   9.3666667e-01   2.5200000e+02   3.5429968e+01
   0.0000000e+00   1.9000000e+01   2.8100000e+02   0.0000000e+00   9.3666667e-01   9.8400000e+02   3.5012677e+01
   0.0000000e+00   1.9000000e+01   2.8100000e+02   0.0000000e+00   9.3666667e-01   2.8200000e+02   3.5373044e+01
   0.0000000e+00   1.9000000e+01   2.8100000e+02   0.0000000e+00   9.3666667e-01   4.7100000e+02   3.5036196e+01
   0.0000000e+00   1.9000000e+01   2.8100000e+02   0.0000000e+00   9.3666667e-01   4.3100000e+02   3.5058505e+01
   0.0000000e+00   1.9000000e+01   2.8100000e+02   0.0000000e+00   9.3666667e-01   4.7000000e+02   3.5482245e+01
   0.0000000e+00   1.9000000e+01   2.8100000e+02   0.0000000e+00   9.3666667e-01   5.5900000e+02   3.5152161e+01
   0.0000000e+00   1.9000000e+01   2.8100000e+02   0.0000000e+00   9.3666667e-01   2.1800000e+02   3.5140733e+01
   0.0000000e+00   1.9000000e+01   2.8100000e+02   0.0000000e+00   9.3666667e-01   2.1300000e+02   3.5413264e+01
   0.0000000e+00   1.9000000e+01   2.8100000e+02   0.0000000e+00   9.3666667e-01   5.8200000e+02   3.5225317e+01
   0.0000000e+00   1.9000000e+01   2.8100000e+02   0.0000000e+00   9.3666667e-01   7.6900000e+02   3.5364614e+01
   0.0000000e+00   1.9000000e+01   2.8100000e+02   0.0000000e+00   9.3666667e-01   4.0300000e+02   3.5473621e+01
   0.0000000e+00   1.9000000e+01   2.8100000e+02   0.0000000e+00   9.3666667e-01   2.9200000e+02   3.5365026e+01
   0.0000000e+00   1.9000000e+01   2.8100000e+02   0.0000000e+00   9.3666667e-01   4.0300000e+02   3.5245410e+01
   0.0000000e+00   1.9000000e+01   2.8100000e+02   0.0000000e+00   9.3666667e-01   2.7000000e+02   3.5382266e+01
   0.0000000e+00   1.9000000e+01   2.8100000e+02   0.0000000e+00   9.3666667e-01   4.1100000e+02   3.5103782e+01
   0.0000000e+00   1.9000000e+01   2.8100000e+02   0.0000000e+00   9.3666667e-01   1.0660000e+03   3.5390378e+01
   0.0000000e+00   1.9000000e+01   2.8100000e+02   0.0000000e+00   9.3666667e-01   3.4600000e+02   3.5841959e+01
   0.0000000e+00   1.9000000e+01   2.8100000e+02   0.0000000e+00   9.3666667e-01   2.4500000e+02   3.5274535e+01
   0.0000000e+00   1.9000000e+01   2.8100000e+02   0.0000000e+00   9.3666667e-01   5.2700000e+02   3.5099780e+01
   0.0000000e+00   1.9000000e+01   2.8100000e+02   0.0000000e+00   9.3666667e-01   2.7100000e+02   3.4972183e+01
   0.0000000e+00   1.9000000e+01   2.8100000e+02   0.0000000e+00   9.3666667e-01   3.4000000e+02   3.5187203e+01
   0.0000000e+00   1.9000000e+01   2.8100000e+02   0.0000000e+00   9.3666667e-01   5.7500000e+02   3.5461650e+01
   0.0000000e+00   1.9000000e+01   2.8100000e+02   0.0000000e+00   9.3666667e-01   2.1900000e+02   3.5573873e+01
   0.0000000e+00   1.9000000e+01   2.8100000e+02   0.0000000e+00   9.3666667e-01   9.0100000e+02   3.5321285e+01
   0.0000000e+00   1.9000000e+01   2.8100000e+02   0.0000000e+00   9.3666667e-01   3.1500000e+02   3.5017498e+01
   0.0000000e+00   1.9000000e+01   2.8100000e+02   0.0000000e+00   9.3666667e-01   5.2800000e+02   3.5241201e+01
   0.0000000e+00   1.9000000e+01   2.8100000e+02   0.0000000e+00   9.3666667e-01   1.0100000e+03   3.4997813e+01
   0.0000000e+00   1.9000000e+01   2.8100000e+02   0.0000000e+00   9.3666667e-01   5.8600000e+02   3.5305625e+01
   0.0000000e+00   1.9000000e+01   2.8100000e+02   0.0000000e+00   9.3666667e-01   3.7400000e+02   3.5184828e+01
   0.0000000e+00   1.9000000e+01   2.8100000e+02   0.0000000e+00   9.3666667e-01   6.5700000e+02   3.4767981e+01
   0.0000000e+00   1.9000000e+01   2.8100000e+02   0.0000000e+00   9.3666667e-01   2.5400000e+02   3.5593404e+01
   0.0000000e+00   1.9000000e+01   2.8100000e+02   0.0000000e+00   9.3666667e-01   3.6900000e+02   3.5253519e+01
   0.0000000e+00   1.9000000e+01   2.8100000e+02   0.0000000e+00   9.3666667e-01   2.5300000e+02   3.4960428e+01
   0.0000000e+00   1.9000000e+01   2.8100000e+02   0.0000000e+00   9.3666667e-01   1.1860000e+03   3.5617439e+01
   0.0000000e+00   1.9000000e+01   2.8100000e+02   0.0000000e+00   9.3666667e-01   3.7500000e+02   3.5450071e+01
   0.0000000e+00   1.9000000e+01   2.8100000e+02   0.0000000e+00   9.3666667e-01   6.5700000e+02   3.5644421e+01
   0.0000000e+00   1.9000000e+01   2.8100000e+02   0.0000000e+00   9.3666667e-01   6.9900000e+02   3.5274393e+01
