   0.0000000e+00   1.9000000e+01   2.8100000e+02   0.0000000e+00   9.3666667e-01   3.3200000e+02   3.5183262e+01
   0.0000000e+00   1.9000000e+01   2.8100000e+02   0.0000000e+00   9.3666667e-01   3.5000000e+02   3.5530397e+01
   0.0000000e+00   1.9000000e+01   2.8100000e+02   0.0000000e+00   9.3666667e-01   3.4900000e+02   3.5303503e+01
   0.0000000e+00   1.9000000e+01   2.8100000e+02   0.0000000e+00   9.3666667e-01   4.6700000e+02   3.5274467e+01
   0.0000000e+00   1.9000000e+01   2.8100000e+02   0.0000000e+00   9.3666667e-01   4.8200000e+02   3.5373430e+01
   0.0000000e+00   1.9000000e+01   2.8100000e+02   0.0000000e+00   9.3666667e-01   1.0190000e+03   3.5408152e+01
   0.0000000e+00   1.9000000e+01   2.8100000e+02   0.0000000e+00   9.3666667e-01   1.0780000e+03   3.5415788e+01
   0.0000000e+00   1.9000000e+01   2.8100000e+02   0.0000000e+00   9.3666667e-01   1.1520000e+03   3.5350554e+01
   0.0000000e+00   1.9000000e+01   2.8100000e+02   0.0000000e+00   9.3666667e-01   9.8700000e+02   3.5429864e+01
   0.0000000e+00   1.9000000e+01   2.8100000e+02   0.0000000e+00   9.3666667e-01   5.4400000e+02   3.5395857e+01
   0.0000000e+00   1.9000000e+01   2.8100000e+02   0.0000000e+00   9.3666667e-01   8.8500000e+02   3.5114393e+01
   0.0000000e+00   1.9000000e+01   2.8100000e+02   0.0000000e+00   9.3666667e-01   3.8400000e+02   3.5127961e+01
   0.0000000e+00   1.9000000e+01   2.8100000e+02   0.0000000e+00   9.3666667e-01   3.6500000e+02   3.5379989e+01
   0.0000000e+00   1.9000000e+01   2.8100000e+02   0.0000000e+00   9.3666667e-01   1.1600000e+03   3.5257503e+01
   0.0000000e+00   1.9000000e+01   2.8100000e+02   0.0000000e+00   9.3666667e-01   4.3700000e+02   3.5331844e+01
   0.0000000e+00   1.9000000e+01   2.8100000e+02   0.0000000e+00   9.3666667e-01   3.3800000e+02   3.5271786e+01
   0.0000000e+00   1.9000000e+01   2.8100000e+02   0.0000000e+00   9.3666667e-01   4.4300000e+02   3.5489468e+01
   0.0000000e+00   1.9000000e+01   2.8100000e+02   0.0000000e+00   9.3666667e-01   7.8200000e+02   3.5289547e+01
   0.0000000e+00   1.9000000e+01   2.8100000e+02   0.0000000e+00   9.3666667e-01   2.5200000e+02   3.5181943e+01
   0.0000000e+00   1.9000000e+01   2.8100000e+02   0.0000000e+00   9.3666667e-01   1.2270000e+03   3.5535756e+01
   0.0000000e+00   1.9000000e+01   2.8100000e+02   0.0000000e+00   9.3666667e-01   4.2700000e+02   3.5249912e+01
   0.0000000e+00   1.9000000e+01   2.8100000e+02   0.0000000e+00   9.3666667e-01   4.1000000e+02   3.5171950e+01
   0.0000000e+00   1.9000000e+01   2.8100000e+02   0.0000000e+00   9.3666667e-01   2.5400000e+02   3.5490681e+01
   0.0000000e+00   1.9000000e+01   2.8100000e+02   0.0000000e+00   9.3666667e-01   2.1900000e+02   3.5237386e+01
   0.0000000e+00   1.9000000e+01   2.8100000e+02   0.0000000e+00   9.3666667e-01   1.3930000e+03   3.5264742e+01
   0.0000000e+00   1.9000000e+01   2.8100000e+02   0.0000000e+00   9.3666667e-01   2.1900000e+02   3.5098139e+01
   0.0000000e+00   1.9000000e+01   2.8100000e+02   0.0000000e+00   9.3666667e-01   2.9900000e+02   3.5255757e+01
   0.0000000e+00   1.9000000e+01   2.8100000e+02   0.0000000e+00   9.3666667e-01   9.4100000e+02   3.5602300e+01
   0.0000000e+00   1.9000000e+01   2.8100000e+02   0.0000000e+00   9.3666667e-01   2.9200000e+02   3.5458080e+01
   0.0000000e+00   1.9000000e+01   2.8100000e+02   0.0000000e+00   9.3666667e-01   8.5300000e+02   3.5496556e+01
   0.0000000e+00   1.9000000e+01   2.8100000e+02   0.0000000e+00   9.3666667e-01   9.2500000e+02   3.5245237e+01
   0.0000000e+00   1.9000000e+01   2.8100000e+02   0.0000000e+00   9.3666667e-01   9.2500000e+02   3.5335541e+01
   0.0000000e+00   1.9000000e+01   2.8100000e+02   0.0000000e+00   9.3666667e-01   5.0500000e+02   3.5283053e+01
   0.0000000e+00   1.9000000e+01   2.8100000e+02   0.0000000e+00   9.3666667e-01   5.0900000e+02   3.5292874e+01
   0.0000000e+00   1.9000000e+01   2.8100000e+02   0.0000000e+00   9.3666667e-01   3.8800000e+02   3.5234842e+01
   0.0000000e+00   1.9000000e+01   2.8100000e+02   0.0000000e+00   9.3666667e-01   1.1060000e+03   3.5184995e+01
   0.0000000e+00   1.9000000e+01   2.8100000e+02   0.0000000e+00   9.3666667e-01   1.1400000e+03   3.5517932e+01
   0.0000000e+00   1.9000000e+01   2.8100000e+02   0.0000000e+00   9.3666667e-01   6.0700000e+02   3.4983005e+01
   0.0000000e+00   1.9000000e+01   2.8100000e+02   0.0000000e+00   9.3666667e-01   9.3100000e+02   3.5407899e+01
   0.0000000e+00   1.9000000e+01   2.8100000e+02   0.0000000e+00   9.3666667e-01   3.2500000e+02   3.5296662e+01
   0.0000000e+00   1.9000000e+01   2.8100000e+02   0.0000000e+00   9.3666667e-01   1.9900000e+02   3.5255045e+01
   0.0000000e+00   1.9000000e+01   2.8100000e+02   0.0000000e+00   9.3666667e-01   4.1400000e+02   3.5467848e+01
   0.0000000e+00   1.9000000e+01   2.8100000e+02   0.0000000e+00   9.3666667e-01   1.1130000e+03   3.5524835e+01
   0.0000000e+00   1.9000000e+01   2.8100000e+02   0.0000000e+00   9.3666667e-01   9.7700000e+02   3.5564139e+01
   0.0000000e+00   1.9000000e+01   2.8100000e+02   0.0000000e+00   9.3666667e-01   3.5900000e+02   3.5340656e+01
   0.0000000e+00   1.9000000e+01   2.8100000e+02   0.0000000e+00   9.3666667e-01   9.6100000e+02   3.5410805e+01
   0.0000000e+00   1.9000000e+01   2.8100000e+02   0.0000000e+00   9.3666667e-01   5.6100000e+02   3.5303345e+01
   0.0000000e+00   1.9000000e+01   2.8100000e+02   0.0000000e+00   9.3666667e-01   1.3210000e+03   3.5460535e+01
   0.0000000e+00   1.9000000e+01   2.8100000e+02   0.0000000e+00   9.3666667e-01   6.9700000e+02   3.5456739e+01
   0.0000000e+00   1.9000000e+01   2.8100000e+02   0.0000000e+00   9.3666667e-01   7.5400000e+02   3.5201339e+01
   0.0000000e+00   1.9000000e+01   2.8100000e+02   0.0000000e+00   9.3666667e-01   2.5000000e+02   3.5678101e+01
   0.0000000e+00   1.9000000e+01   2.8100000e+02   0.0000000e+00   9.3666667e-01   7.7500000e+02   3.5352821e+01
   0.0000000e+00   1.9000000e+01   2.8100000e+02   0.0000000e+00   9.3666667e-01   2.6000000e+02   3.5246672e+01
   0.0000000e+00   1.9000000e+01   2.8100000e+02   0.0000000e+00   9.3666667e-01   1.7100000e+02   3.5923981e+01
   0.0000000e+00   1.9000000e+01   2.8100000e+02   0.0000000e+00   9.3666667e-01   1.0490000e+03   3.5407606e+01
   0.0000000e+00   1.9000000e+01   2.8100000e+02   0.0000000e+00   9.3666667e-01   5.3400000e+02   3.5571616e+01
   0.0000000e+00   1.9000000e+01   2.8100000e+02   0.0000000e+00   9.3666667e-01   4.4600000e+02   3.5385022e+01
   0.0000000e+00   1.9000000e+01   2.8100000e+02   0.0000000e+00   9.3666667e-01   2.1900000e+02   3.5619433e+01
   0.0000000e+00   1.9000000e+01   2.8100000e+02   0.0000000e+00   9.3666667e-01   1.1900000e+03   3.5260680e+01
   0.0000000e+00   1.9000000e+01   2.8100000e+02   0.0000000e+00   9.3666667e-01   4.2200000e+02   3.5414185e+01
   0.0000000e+00   1.9000000e+01   2.8100000e+02   0.0000000e+00   9.3666667e-01   3.8300000e+02   3.5101664e+01
   0.0000000e+00   1.9000000e+01   2.8100000e+02   0.0000000e+00   9.3666667e-01   2.0900000e+02   3.5576324e+01
   0.0000000e+00   1.9000000e+01   2.8100000e+02   0.0000000e+00   9.3666667e-01   2.8400000e+02   3.5308410e+01
   0.0000000e+00   1.9000000e+01   2.8100000e+02   0.0000000e+00   9.3666667e-01   2.9400000e+02   3.5423404e+01
   0.0000000e+00   1.9000000e+01   2.8100000e+02   0.0000000e+00   9.3666667e-01   4.7000000e+02   3.5267654e+01
   0.0000000e+00   1.9000000e+01   2.8100000e+02   0.0000000e+00   9.3666667e-01   3.1600000e+02   3.5256203e+01
   0.0000000e+00   1.9000000e+01   2.8100000e+02   0.0000000e+00   9.3666667e-01   1.0500000e+03   3.5454146e+01
   0.0000000e+00   1.9000000e+01   2.8100000e+02   0.0000000e+00   9.3666667e-01   6.1500000e+02   3.5102671e+01
   0.0000000e+00   1.9000000e+01   2.8100000e+02   0.0000000e+00   9.3666667e-01   2.1700000e+02   3.5584066e+01
   0.0000000e+00   1.9000000e+01   2.8100000e+02   0.0000000e+00   9.3666667e-01   4.7200000e+02   3.5348763e+01
   0.0000000e+00   1.9000000e+01   2.8100000e+02   0.0000000e+00   9.3666667e-01   3.0700000e+02   3.5371730e+01
   0.0000000e+00   1.9000000e+01   2.8100000e+02   0.0000000e+00   9.3666667e-01   4.2700000e+02   3.5438967e+01
   0.0000000e+00   1.9000000e+01   2.8100000e+02   0.0000000e+00   9.3666667e-01   4.0400000e+02   3.5370474e+01
   0.0000000e+00   1.9000000e+01   2.8100000e+02   0.0000000e+00   9.3666667e-01   3.0000000e+02   3.5317406e+01
   0.0000000e+00   1.9000000e+01   2.8100000e+02   0.0000000e+00   9.3666667e-01   2.9100000e+02   3.5334782e+01
   0.0000000e+00   1.9000000e+01   2.8100000e+02   0.0000000e+00   9.3666667e-01   2.4100000e+02   3.5509532e+01
   0.0000000e+00   1.9000000e+01   2.8100000e+02   0.0000000e+00   9.3666667e-01   1.3310000e+03   3.5519241e+01
   0.0000000e+00   1.9000000e+01   2.8100000e+02   0.0000000e+00   9.3666667e-01   1.9300000e+02   3.5224770e+01
   0.0000000e+00   1.9000000e+01   2.8100000e+02   0.0000000e+00   9.3666667e-01   5.3100000e+02   3.5793705e+01
   0.0000000e+00   1.9000000e+01   2.8100000e+02   0.0000000e+00   9.3666667e-01   1.2470000e+03   3.5205184e+01
   0.0000000e+00   1.9000000e+01   2.8100000e+02   0.0000000e+00   9.3666667e-01   1.0990000e+03   3.5444117e+01
   0.0000000e+00   1.9000000e+01   2.8100000e+02   0.0000000e+00   9.3666667e-01   5.2500000e+02   3.5362415e+01
   0.0000000e+00   1.9000000e+01   2.8100000e+02   0.0000000e+00   9.3666667e-01   1.1460000e+03   3.5394669e+01
   0.0000000e+00   1.9000000e+01   2.8100000e+02   0.0000000e+00   9.3666667e-01   5.6900000e+02   3.5377427e+01
   0.0000000e+00   1.9000000e+01   2.8100000e+02   0.0000000e+00   9.3666667e-01   6.6000000e+02   3.5397199e+01
   0.0000000e+00   1.9000000e+01   2.8100000e+02   0.0000000e+00   9.3666667e-01   5.5600000e+02   3.5273013e+01
   0.0000000e+00   1.9000000e+01   2.8100000e+02   0.0000000e+00   9.3666667e-01   3.2900000e+02   3.5450174e+01
   0.0000000e+00   1.9000000e+01   2.8100000e+02   0.0000000e+00   9.3666667e-01   9.4600000e+02   3.5294868e+01
   0.0000000e+00   1.9000000e+01   2.8100000e+02   0.0000000e+00   9.3666667e-01   2.0100000e+02   3.5188532e+01
   0.0000000e+00   1.9000000e+01   2.8100000e+02   0.0000000e+00   9.3666667e-01   3.2900000e+02   3.5361340e+01
   0.0000000e+00   1.9000000e+01   2.8100000e+02   0.0000000e+00   9.3666667e-01   5.4000000e+02   3.5143036e+01
   0.0000000e+00   1.9000000e+01   2.8100000e+02   0.0000000e+00   9.3666667e-01   8.8600000e+02   3.5507050e+01
   0.0000000e+00   1.9000000e+01   2.8100000e+02   0.0000000e+00   9.3666667e-01   2.9800000e+02   3.5360049e+01
   0.0000000e+00   1.9000000e+01   2.8100000e+02   0.0000000e+00   9.3666667e-01   2.6800000e+02   3.5361496e+01
   0.0000000e+00   1.9000000e+01   2.8100000e+02   0.0000000e+00   9.3666667e-01   1.8800000e+02   3.5649309e+01
   0.0000000e+00   1.9000000e+01   2.8100000e+02   0.0000000e+00   9.3666667e-01   1.1970000e+03   3.5370398e+01
   0.0000000e+00   1.9000000e+01   2.8100000e+02   0.0000000e+00   9.3666667e-01   1.0830000e+03   3.5346227e+01
   0.0000000e+00   1.9000000e+01   2.8100000e+02   0.0000000e+00   9.3666667e-01   1.2760000e+03   3.5580021e+01
   0.0000000e+00   1.9000000e+01   2.8100000e+02   0.0000000e+00   9.3666667e-01   1.2520000e+03   3.5295180e+01
   0.0000000e+00   1.9000000e+01   2.8100000e+02   0.0000000e+00   9.3666667e-01   5.1100000e+02   3.5250983e+01
