   0.0000000e+00   1.1220000e+03   6.3200000e+03   0.0000000e+00   8.4923408e-01   1.8989018e+03
   0.0000000e+00   1.1220000e+03   6.3200000e+03   0.0000000e+00   8.4923408e-01   1.8874352e+03
   0.0000000e+00   1.1220000e+03   6.3200000e+03   0.0000000e+00   8.4923408e-01   1.8956352e+03
   0.0000000e+00   1.1220000e+03   6.3200000e+03   0.0000000e+00   8.4923408e-01   1.8811810e+03
   0.0000000e+00   1.1220000e+03   6.3200000e+03   0.0000000e+00   8.4923408e-01   1.8969454e+03
   0.0000000e+00   1.1220000e+03   6.3200000e+03   0.0000000e+00   8.4923408e-01   1.9112352e+03
   0.0000000e+00   1.1220000e+03   6.3200000e+03   0.0000000e+00   8.4923408e-01   1.9002563e+03
   0.0000000e+00   1.1220000e+03   6.3200000e+03   0.0000000e+00   8.4923408e-01   1.8858524e+03
   0.0000000e+00   1.1220000e+03   6.3200000e+03   0.0000000e+00   8.4923408e-01   1.8858263e+03
   0.0000000e+00   1.1220000e+03   6.3200000e+03   0.0000000e+00   8.4923408e-01   1.8981887e+03
   0.0000000e+00   1.1220000e+03   6.3200000e+03   0.0000000e+00   8.4923408e-01   1.8947887e+03
   0.0000000e+00   1.1220000e+03   6.3200000e+03   0.0000000e+00   8.4923408e-01   1.9106743e+03
   0.0000000e+00   1.1220000e+03   6.3200000e+03   0.0000000e+00   8.4923408e-01   1.9097406e+03
   0.0000000e+00   1.1220000e+03   6.3200000e+03   0.0000000e+00   8.4923408e-01   1.9205648e+03
   0.0000000e+00   1.1220000e+03   6.3200000e+03   0.0000000e+00   8.4923408e-01   1.8949385e+03
   0.0000000e+00   1.1220000e+03   6.3200000e+03   0.0000000e+00   8.4923408e-01   1.9057184e+03
   0.0000000e+00   1.1220000e+03   6.3200000e+03   0.0000000e+00   8.4923408e-01   1.9000505e+03
   0.0000000e+00   1.1220000e+03   6.3200000e+03   0.0000000e+00   8.4923408e-01   1.8974616e+03
   0.0000000e+00   1.1220000e+03   6.3200000e+03   0.0000000e+00   8.4923408e-01   1.8847702e+03
   0.0000000e+00   1.1220000e+03   6.3200000e+03   0.0000000e+00   8.4923408e-01   1.8889761e+03
   0.0000000e+00   1.1220000e+03   6.3200000e+03   0.0000000e+00   8.4923408e-01   1.8929352e+03
   0.0000000e+00   1.1220000e+03   6.3200000e+03   0.0000000e+00   8.4923408e-01   1.8786043e+03
   0.0000000e+00   1.1220000e+03   6.3200000e+03   0.0000000e+00   8.4923408e-01   1.8870773e+03
   0.0000000e+00   1.1220000e+03   6.3200000e+03   0.0000000e+00   8.4923408e-01   1.8887842e+03
   0.0000000e+00   1.1220000e+03   6.3200000e+03   0.0000000e+00   8.4923408e-01   1.8834563e+03
   0.0000000e+00   1.1220000e+03   6.3200000e+03   0.0000000e+00   8.4923408e-01   1.8782321e+03
   0.0000000e+00   1.1220000e+03   6.3200000e+03   0.0000000e+00   8.4923408e-01   1.8921296e+03
   0.0000000e+00   1.1220000e+03   6.3200000e+03   0.0000000e+00   8.4923408e-01   1.8889790e+03
   0.0000000e+00   1.1220000e+03   6.3200000e+03   0.0000000e+00   8.4923408e-01   1.9146817e+03
   0.0000000e+00   1.1220000e+03   6.3200000e+03   0.0000000e+00   8.4923408e-01   1.8926444e+03
   0.0000000e+00   1.1220000e+03   6.3200000e+03   0.0000000e+00   8.4923408e-01   1.9107330e+03
   0.0000000e+00   1.1220000e+03   6.3200000e+03   0.0000000e+00   8.4923408e-01   1.9005077e+03
   0.0000000e+00   1.1220000e+03   6.3200000e+03   0.0000000e+00   8.4923408e-01   1.9075443e+03
   0.0000000e+00   1.1220000e+03   6.3200000e+03   0.0000000e+00   8.4923408e-01   1.8902799e+03
   0.0000000e+00   1.1220000e+03   6.3200000e+03   0.0000000e+00   8.4923408e-01   1.9085693e+03
   0.0000000e+00   1.1220000e+03   6.3200000e+03   0.0000000e+00   8.4923408e-01   1.8933811e+03
   0.0000000e+00   1.1220000e+03   6.3200000e+03   0.0000000e+00   8.4923408e-01   1.8984718e+03
   0.0000000e+00   1.1220000e+03   6.3200000e+03   0.0000000e+00   8.4923408e-01   1.9085304e+03
   0.0000000e+00   1.1220000e+03   6.3200000e+03   0.0000000e+00   8.4923408e-01   1.8977428e+03
   0.0000000e+00   1.1220000e+03   6.3200000e+03   0.0000000e+00   8.4923408e-01   1.9052185e+03
   0.0000000e+00   1.1220000e+03   6.3200000e+03   0.0000000e+00   8.4923408e-01   1.8986650e+03
   0.0000000e+00   1.1220000e+03   6.3200000e+03   0.0000000e+00   8.4923408e-01   1.8986533e+03
   0.0000000e+00   1.1220000e+03   6.3200000e+03   0.0000000e+00   8.4923408e-01   1.9060618e+03
   0.0000000e+00   1.1220000e+03   6.3200000e+03   0.0000000e+00   8.4923408e-01   1.9175745e+03
   0.0000000e+00   1.1220000e+03   6.3200000e+03   0.0000000e+00   8.4923408e-01   1.8998294e+03
   0.0000000e+00   1.1220000e+03   6.3200000e+03   0.0000000e+00   8.4923408e-01   1.9035645e+03
   0.0000000e+00   1.1220000e+03   6.3200000e+03   0.0000000e+00   8.4923408e-01   1.9226535e+03
   0.0000000e+00   1.1220000e+03   6.3200000e+03   0.0000000e+00   8.4923408e-01   1.8924815e+03
   0.0000000e+00   1.1220000e+03   6.3200000e+03   0.0000000e+00   8.4923408e-01   1.8996506e+03
   0.0000000e+00   1.1220000e+03   6.3200000e+03   0.0000000e+00   8.4923408e-01   1.8959685e+03
   0.0000000e+00   1.1220000e+03   6.3200000e+03   0.0000000e+00   8.4923408e-01   1.8949309e+03
   0.0000000e+00   1.1220000e+03   6.3200000e+03   0.0000000e+00   8.4923408e-01   1.8936060e+03
   0.0000000e+00   1.1220000e+03   6.3200000e+03   0.0000000e+00   8.4923408e-01   1.8976451e+03
   0.0000000e+00   1.1220000e+03   6.3200000e+03   0.0000000e+00   8.4923408e-01   1.9051087e+03
   0.0000000e+00   1.1220000e+03   6.3200000e+03   0.0000000e+00   8.4923408e-01   1.8976143e+03
   0.0000000e+00   1.1220000e+03   6.3200000e+03   0.0000000e+00   8.4923408e-01   1.9013819e+03
   0.0000000e+00   1.1220000e+03   6.3200000e+03   0.0000000e+00   8.4923408e-01   1.8974461e+03
   0.0000000e+00   1.1220000e+03   6.3200000e+03   0.0000000e+00   8.4923408e-01   1.9013125e+03
   0.0000000e+00   1.1220000e+03   6.3200000e+03   0.0000000e+00   8.4923408e-01   1.8895826e+03
   0.0000000e+00   1.1220000e+03   6.3200000e+03   0.0000000e+00   8.4923408e-01   1.9098391e+03
   0.0000000e+00   1.1220000e+03   6.3200000e+03   0.0000000e+00   8.4923408e-01   1.8920841e+03
   0.0000000e+00   1.1220000e+03   6.3200000e+03   0.0000000e+00   8.4923408e-01   1.8786506e+03
   0.0000000e+00   1.1220000e+03   6.3200000e+03   0.0000000e+00   8.4923408e-01   1.8857315e+03
   0.0000000e+00   1.1220000e+03   6.3200000e+03   0.0000000e+00   8.4923408e-01   1.9026691e+03
   0.0000000e+00   1.1220000e+03   6.3200000e+03   0.0000000e+00   8.4923408e-01   1.9008221e+03
   0.0000000e+00   1.1220000e+03   6.3200000e+03   0.0000000e+00   8.4923408e-01   1.8961241e+03
   0.0000000e+00   1.1220000e+03   6.3200000e+03   0.0000000e+00   8.4923408e-01   1.8813468e+03
   0.0000000e+00   1.1220000e+03   6.3200000e+03   0.0000000e+00   8.4923408e-01   1.9001995e+03
   0.0000000e+00   1.1220000e+03   6.3200000e+03   0.0000000e+00   8.4923408e-01   1.9032209e+03
   0.0000000e+00   1.1220000e+03   6.3200000e+03   0.0000000e+00   8.4923408e-01   1.8865290e+03
   0.0000000e+00   1.1220000e+03   6.3200000e+03   0.0000000e+00   8.4923408e-01   1.8911078e+03
   0.0000000e+00   1.1220000e+03   6.3200000e+03   0.0000000e+00   8.4923408e-01   1.8861786e+03
   0.0000000e+00   1.1220000e+03   6.3200000e+03   0.0000000e+00   8.4923408e-01   1.8888095e+03
   0.0000000e+00   1.1220000e+03   6.3200000e+03   0.0000000e+00   8.4923408e-01   1.9077172e+03
   0.0000000e+00   1.1220000e+03   6.3200000e+03   0.0000000e+00   8.4923408e-01   1.8851242e+03
   0.0000000e+00   1.1220000e+03   6.3200000e+03   0.0000000e+00   8.4923408e-01   1.8861116e+03
   0.0000000e+00   1.1220000e+03   6.3200000e+03   0.0000000e+00   8.4923408e-01   1.8982162e+03
   0.0000000e+00   1.1220000e+03   6.3200000e+03   0.0000000e+00   8.4923408e-01   1.8892876e+03
   0.0000000e+00   1.1220000e+03   6.3200000e+03   0.0000000e+00   8.4923408e-01   1.9020260e+03
   0.0000000e+00   1.1220000e+03   6.3200000e+03   0.0000000e+00   8.4923408e-01   1.8977501e+03
   0.0000000e+00   1.1220000e+03   6.3200000e+03   0.0000000e+00   8.4923408e-01   1.8964943e+03
   0.0000000e+00   1.1220000e+03   6.3200000e+03   0.0000000e+00   8.4923408e-01   1.8807080e+03
   0.0000000e+00   1.1220000e+03   6.3200000e+03   0.0000000e+00   8.4923408e-01   1.8990705e+03
   0.0000000e+00   1.1220000e+03   6.3200000e+03   0.0000000e+00   8.4923408e-01   1.8900753e+03
   0.0000000e+00   1.1220000e+03   6.3200000e+03   0.0000000e+00   8.4923408e-01   1.9223196e+03
   0.0000000e+00   1.1220000e+03   6.3200000e+03   0.0000000e+00   8.4923408e-01   1.8926647e+03
   0.0000000e+00   1.1220000e+03   6.3200000e+03   0.0000000e+00   8.4923408e-01   1.9035714e+03
   0.0000000e+00   1.1220000e+03   6.3200000e+03   0.0000000e+00   8.4923408e-01   1.8905393e+03
   0.0000000e+00   1.1220000e+03   6.3200000e+03   0.0000000e+00   8.4923408e-01   1.9000628e+03
   0.0000000e+00   1.1220000e+03   6.3200000e+03   0.0000000e+00   8.4923408e-01   1.9138268e+03
   0.0000000e+00   1.1220000e+03   6.3200000e+03   0.0000000e+00   8.4923408e-01   1.8999536e+03
   0.0000000e+00   1.1220000e+03   6.3200000e+03   0.0000000e+00   8.4923408e-01   1.8952835e+03
   0.0000000e+00   1.1220000e+03   6.3200000e+03   0.0000000e+00   8.4923408e-01   1.8994100e+03
   0.0000000e+00   1.1220000e+03   6.3200000e+03   0.0000000e+00   8.4923408e-01   1.9100900e+03
   0.0000000e+00   1.1220000e+03   6.3200000e+03   0.0000000e+00   8.4923408e-01   1.9010291e+03
   0.0000000e+00   1.1220000e+03   6.3200000e+03   0.0000000e+00   8.4923408e-01   1.8902786e+03
   0.0000000e+00   1.1220000e+03   6.3200000e+03   0.0000000e+00   8.4923408e-01   1.9100235e+03
   0.0000000e+00   1.1220000e+03   6.3200000e+03   0.0000000e+00   8.4923408e-01   1.8803119e+03
   0.0000000e+00   1.1220000e+03   6.3200000e+03   0.0000000e+00   8.4923408e-01   1.9014123e+03
   0.0000000e+00   1.1220000e+03   6.3200000e+03   0.0000000e+00   8.4923408e-01   1.8803792e+03
