   0.0000000e+00   1.1220000e+03   6.3200000e+03   0.0000000e+00   8.4923408e-01   1.9032967e+03
   0.0000000e+00   1.1220000e+03   6.3200000e+03   0.0000000e+00   8.4923408e-01   1.9154387e+03
   0.0000000e+00   1.1220000e+03   6.3200000e+03   0.0000000e+00   8.4923408e-01   1.8745863e+03
   0.0000000e+00   1.1220000e+03   6.3200000e+03   0.0000000e+00   8.4923408e-01   1.8751121e+03
   0.0000000e+00   1.1220000e+03   6.3200000e+03   0.0000000e+00   8.4923408e-01   1.9032591e+03
   0.0000000e+00   1.1220000e+03   6.3200000e+03   0.0000000e+00   8.4923408e-01   1.8885326e+03
   0.0000000e+00   1.1220000e+03   6.3200000e+03   0.0000000e+00   8.4923408e-01   1.8792373e+03
   0.0000000e+00   1.1220000e+03   6.3200000e+03   0.0000000e+00   8.4923408e-01   1.8958657e+03
   0.0000000e+00   1.1220000e+03   6.3200000e+03   0.0000000e+00   8.4923408e-01   1.8934153e+03
   0.0000000e+00   1.1220000e+03   6.3200000e+03   0.0000000e+00   8.4923408e-01   1.8734808e+03
   0.0000000e+00   1.1220000e+03   6.3200000e+03   0.0000000e+00   8.4923408e-01   1.8649469e+03
   0.0000000e+00   1.1220000e+03   6.3200000e+03   0.0000000e+00   8.4923408e-01   1.8745757e+03
   0.0000000e+00   1.1220000e+03   6.3200000e+03   0.0000000e+00   8.4923408e-01   1.8885921e+03
   0.0000000e+00   1.1220000e+03   6.3200000e+03   0.0000000e+00   8.4923408e-01   1.8722690e+03
   0.0000000e+00   1.1220000e+03   6.3200000e+03   0.0000000e+00   8.4923408e-01   1.8835210e+03
   0.0000000e+00   1.1220000e+03   6.3200000e+03   0.0000000e+00   8.4923408e-01   1.9020558e+03
   0.0000000e+00   1.1220000e+03   6.3200000e+03   0.0000000e+00   8.4923408e-01   1.9008418e+03
   0.0000000e+00   1.1220000e+03   6.3170000e+03   3.0000000e+00   8.4883096e-01   1.8716902e+03
   0.0000000e+00   1.1220000e+03   6.3200000e+03   0.0000000e+00   8.4923408e-01   1.8745883e+03
   0.0000000e+00   1.1220000e+03   6.3200000e+03   0.0000000e+00   8.4923408e-01   1.8894007e+03
   0.0000000e+00   1.1220000e+03   6.3200000e+03   0.0000000e+00   8.4923408e-01   1.9283703e+03
   0.0000000e+00   1.1220000e+03   6.3200000e+03   0.0000000e+00   8.4923408e-01   1.9055000e+03
   0.0000000e+00   1.1220000e+03   6.3200000e+03   0.0000000e+00   8.4923408e-01   1.8755780e+03
   0.0000000e+00   1.1220000e+03   6.3200000e+03   0.0000000e+00   8.4923408e-01   1.8850139e+03
   0.0000000e+00   1.1220000e+03   6.3200000e+03   0.0000000e+00   8.4923408e-01   1.8774481e+03
   0.0000000e+00   1.1220000e+03   6.3200000e+03   0.0000000e+00   8.4923408e-01   1.8813122e+03
   0.0000000e+00   1.1220000e+03   6.3200000e+03   0.0000000e+00   8.4923408e-01   1.8822616e+03
   0.0000000e+00   1.1220000e+03   6.3200000e+03   0.0000000e+00   8.4923408e-01   1.8897845e+03
   0.0000000e+00   1.1220000e+03   6.3200000e+03   0.0000000e+00   8.4923408e-01   1.8762105e+03
   0.0000000e+00   1.1220000e+03   6.3200000e+03   0.0000000e+00   8.4923408e-01   1.8936305e+03
   0.0000000e+00   1.1220000e+03   6.3200000e+03   0.0000000e+00   8.4923408e-01   1.8931258e+03
   0.0000000e+00   1.1220000e+03   6.3200000e+03   0.0000000e+00   8.4923408e-01   1.8947223e+03
   0.0000000e+00   1.1220000e+03   6.3200000e+03   0.0000000e+00   8.4923408e-01   1.8792447e+03
   0.0000000e+00   1.1220000e+03   6.3200000e+03   0.0000000e+00   8.4923408e-01   1.8841136e+03
   0.0000000e+00   1.1220000e+03   6.3200000e+03   0.0000000e+00   8.4923408e-01   1.8798828e+03
   0.0000000e+00   1.1220000e+03   6.3200000e+03   0.0000000e+00   8.4923408e-01   1.8765644e+03
   0.0000000e+00   1.1220000e+03   6.3200000e+03   0.0000000e+00   8.4923408e-01   1.8754032e+03
   0.0000000e+00   1.1220000e+03   6.3200000e+03   0.0000000e+00   8.4923408e-01   1.8920078e+03
   0.0000000e+00   1.1220000e+03   6.3200000e+03   0.0000000e+00   8.4923408e-01   1.8913302e+03
   0.0000000e+00   1.1220000e+03   6.3200000e+03   0.0000000e+00   8.4923408e-01   1.8841053e+03
   0.0000000e+00   1.1220000e+03   6.3200000e+03   0.0000000e+00   8.4923408e-01   1.8900400e+03
   0.0000000e+00   1.1220000e+03   6.3200000e+03   0.0000000e+00   8.4923408e-01   1.8628136e+03
   0.0000000e+00   1.1220000e+03   6.3200000e+03   0.0000000e+00   8.4923408e-01   1.8726364e+03
   0.0000000e+00   1.1220000e+03   6.3200000e+03   0.0000000e+00   8.4923408e-01   1.8683441e+03
   0.0000000e+00   1.1220000e+03   6.3200000e+03   0.0000000e+00   8.4923408e-01   1.8849887e+03
   0.0000000e+00   1.1220000e+03   6.3200000e+03   0.0000000e+00   8.4923408e-01   1.8873447e+03
   0.0000000e+00   1.1220000e+03   6.3200000e+03   0.0000000e+00   8.4923408e-01   1.8759106e+03
   0.0000000e+00   1.1220000e+03   6.3200000e+03   0.0000000e+00   8.4923408e-01   1.8955644e+03
   0.0000000e+00   1.1220000e+03   6.3200000e+03   0.0000000e+00   8.4923408e-01   1.8974451e+03
   0.0000000e+00   1.1220000e+03   6.3200000e+03   0.0000000e+00   8.4923408e-01   1.8855946e+03
   0.0000000e+00   1.1220000e+03   6.3200000e+03   0.0000000e+00   8.4923408e-01   1.9097883e+03
   0.0000000e+00   1.1220000e+03   6.3200000e+03   0.0000000e+00   8.4923408e-01   1.8842224e+03
   0.0000000e+00   1.1220000e+03   6.3200000e+03   0.0000000e+00   8.4923408e-01   1.9166182e+03
   0.0000000e+00   1.1220000e+03   6.3200000e+03   0.0000000e+00   8.4923408e-01   1.8849319e+03
   0.0000000e+00   1.1220000e+03   6.3200000e+03   0.0000000e+00   8.4923408e-01   1.9089982e+03
   0.0000000e+00   1.1220000e+03   6.3200000e+03   0.0000000e+00   8.4923408e-01   1.8735128e+03
   0.0000000e+00   1.1220000e+03   6.3200000e+03   0.0000000e+00   8.4923408e-01   1.8941717e+03
   0.0000000e+00   1.1220000e+03   6.3200000e+03   0.0000000e+00   8.4923408e-01   1.9051213e+03
   0.0000000e+00   1.1220000e+03   6.3200000e+03   0.0000000e+00   8.4923408e-01   1.8626578e+03
   0.0000000e+00   1.1220000e+03   6.3200000e+03   0.0000000e+00   8.4923408e-01   1.8722066e+03
   0.0000000e+00   1.1220000e+03   6.3200000e+03   0.0000000e+00   8.4923408e-01   1.8684139e+03
   0.0000000e+00   1.1220000e+03   6.3200000e+03   0.0000000e+00   8.4923408e-01   1.8698346e+03
   0.0000000e+00   1.1220000e+03   6.3200000e+03   0.0000000e+00   8.4923408e-01   1.8829649e+03
   0.0000000e+00   1.1220000e+03   6.3200000e+03   0.0000000e+00   8.4923408e-01   1.8853197e+03
   0.0000000e+00   1.1220000e+03   6.3200000e+03   0.0000000e+00   8.4923408e-01   1.9059098e+03
   0.0000000e+00   1.1220000e+03   6.3200000e+03   0.0000000e+00   8.4923408e-01   1.8828782e+03
   0.0000000e+00   1.1220000e+03   6.3200000e+03   0.0000000e+00   8.4923408e-01   1.8902154e+03
   0.0000000e+00   1.1220000e+03   6.3200000e+03   0.0000000e+00   8.4923408e-01   1.8769349e+03
   0.0000000e+00   1.1220000e+03   6.3200000e+03   0.0000000e+00   8.4923408e-01   1.8898606e+03
   0.0000000e+00   1.1220000e+03   6.3200000e+03   0.0000000e+00   8.4923408e-01   1.9028202e+03
   0.0000000e+00   1.1220000e+03   6.3200000e+03   0.0000000e+00   8.4923408e-01   1.8954253e+03
   0.0000000e+00   1.1220000e+03   6.3200000e+03   0.0000000e+00   8.4923408e-01   1.8768212e+03
   0.0000000e+00   1.1220000e+03   6.3200000e+03   0.0000000e+00   8.4923408e-01   1.8724572e+03
   0.0000000e+00   1.1220000e+03   6.3200000e+03   0.0000000e+00   8.4923408e-01   1.8685059e+03
   0.0000000e+00   1.1220000e+03   6.3200000e+03   0.0000000e+00   8.4923408e-01   1.8835266e+03
   0.0000000e+00   1.1220000e+03   6.3200000e+03   0.0000000e+00   8.4923408e-01   1.8847167e+03
   0.0000000e+00   1.1220000e+03   6.3200000e+03   0.0000000e+00   8.4923408e-01   1.8734128e+03
   0.0000000e+00   1.1220000e+03   6.3200000e+03   0.0000000e+00   8.4923408e-01   1.8818480e+03
   0.0000000e+00   1.1220000e+03   6.3200000e+03   0.0000000e+00   8.4923408e-01   1.8734547e+03
   0.0000000e+00   1.1220000e+03   6.3200000e+03   0.0000000e+00   8.4923408e-01   1.8842701e+03
   5.0000000e+00   1.1170000e+03   6.2880000e+03   3.2000000e+01   8.4560602e-01   1.8853578e+03
   0.0000000e+00   1.1220000e+03   6.3200000e+03   0.0000000e+00   8.4923408e-01   1.8693986e+03
   0.0000000e+00   1.1220000e+03   6.3200000e+03   0.0000000e+00   8.4923408e-01   1.9068599e+03
   0.0000000e+00   1.1220000e+03   6.3200000e+03   0.0000000e+00   8.4923408e-01   1.8949439e+03
   0.0000000e+00   1.1220000e+03   6.3200000e+03   0.0000000e+00   8.4923408e-01   1.9013266e+03
   0.0000000e+00   1.1220000e+03   6.3200000e+03   0.0000000e+00   8.4923408e-01   1.8947887e+03
   0.0000000e+00   1.1220000e+03   6.3200000e+03   0.0000000e+00   8.4923408e-01   1.8632488e+03
   0.0000000e+00   1.1220000e+03   6.3200000e+03   0.0000000e+00   8.4923408e-01   1.8905617e+03
   0.0000000e+00   1.1220000e+03   6.3200000e+03   0.0000000e+00   8.4923408e-01   1.8882181e+03
   0.0000000e+00   1.1220000e+03   6.3200000e+03   0.0000000e+00   8.4923408e-01   1.8610622e+03
   0.0000000e+00   1.1220000e+03   6.3200000e+03   0.0000000e+00   8.4923408e-01   1.9012895e+03
   0.0000000e+00   1.1220000e+03   6.3200000e+03   0.0000000e+00   8.4923408e-01   1.9020724e+03
   0.0000000e+00   1.1220000e+03   6.3200000e+03   0.0000000e+00   8.4923408e-01   1.8822406e+03
   0.0000000e+00   1.1220000e+03   6.3200000e+03   0.0000000e+00   8.4923408e-01   1.8730012e+03
   0.0000000e+00   1.1220000e+03   6.3200000e+03   0.0000000e+00   8.4923408e-01   1.8953520e+03
   0.0000000e+00   1.1220000e+03   6.3200000e+03   0.0000000e+00   8.4923408e-01   1.8881064e+03
   0.0000000e+00   1.1220000e+03   6.3200000e+03   0.0000000e+00   8.4923408e-01   1.8815850e+03
   0.0000000e+00   1.1220000e+03   6.3200000e+03   0.0000000e+00   8.4923408e-01   1.8892887e+03
   0.0000000e+00   1.1220000e+03   6.3200000e+03   0.0000000e+00   8.4923408e-01   1.8887289e+03
   0.0000000e+00   1.1220000e+03   6.3200000e+03   0.0000000e+00   8.4923408e-01   1.8880475e+03
