   0.0000000e+00   1.1220000e+03   6.3200000e+03   0.0000000e+00   8.4923408e-01   1.8940802e+03
   0.0000000e+00   1.1220000e+03   6.3190000e+03   1.0000000e+00   8.4909970e-01   1.9033524e+03
   0.0000000e+00   1.1220000e+03   6.3200000e+03   0.0000000e+00   8.4923408e-01   1.8718532e+03
   0.0000000e+00   1.1220000e+03   6.3200000e+03   0.0000000e+00   8.4923408e-01   1.8871338e+03
   0.0000000e+00   1.1220000e+03   6.3200000e+03   0.0000000e+00   8.4923408e-01   1.8792125e+03
   0.0000000e+00   1.1220000e+03   6.3200000e+03   0.0000000e+00   8.4923408e-01   1.8595577e+03
   0.0000000e+00   1.1220000e+03   6.3200000e+03   0.0000000e+00   8.4923408e-01   1.8988852e+03
   0.0000000e+00   1.1220000e+03   6.3200000e+03   0.0000000e+00   8.4923408e-01   1.8612607e+03
   0.0000000e+00   1.1220000e+03   6.3200000e+03   0.0000000e+00   8.4923408e-01   1.8648674e+03
   0.0000000e+00   1.1220000e+03   6.3200000e+03   0.0000000e+00   8.4923408e-01   1.9164148e+03
   0.0000000e+00   1.1220000e+03   6.3200000e+03   0.0000000e+00   8.4923408e-01   1.8846230e+03
   0.0000000e+00   1.1220000e+03   6.3200000e+03   0.0000000e+00   8.4923408e-01   1.9640963e+03
   0.0000000e+00   1.1220000e+03   6.3200000e+03   0.0000000e+00   8.4923408e-01   1.8686791e+03
   0.0000000e+00   1.1220000e+03   6.3200000e+03   0.0000000e+00   8.4923408e-01   1.8581893e+03
   0.0000000e+00   1.1220000e+03   6.3200000e+03   0.0000000e+00   8.4923408e-01   1.8492255e+03
   0.0000000e+00   1.1220000e+03   6.3200000e+03   0.0000000e+00   8.4923408e-01   1.8824677e+03
   0.0000000e+00   1.1220000e+03   6.3200000e+03   0.0000000e+00   8.4923408e-01   1.8578897e+03
   0.0000000e+00   1.1220000e+03   6.3200000e+03   0.0000000e+00   8.4923408e-01   1.8764448e+03
   0.0000000e+00   1.1220000e+03   6.3200000e+03   0.0000000e+00   8.4923408e-01   1.8587814e+03
   1.0000000e+00   1.1210000e+03   6.3200000e+03   0.0000000e+00   8.4936845e-01   1.8618972e+03
   0.0000000e+00   1.1220000e+03   6.3200000e+03   0.0000000e+00   8.4923408e-01   1.8866393e+03
   0.0000000e+00   1.1220000e+03   6.3200000e+03   0.0000000e+00   8.4923408e-01   1.8822286e+03
   0.0000000e+00   1.1220000e+03   6.3200000e+03   0.0000000e+00   8.4923408e-01   1.8737175e+03
   0.0000000e+00   1.1220000e+03   6.3200000e+03   0.0000000e+00   8.4923408e-01   1.8667796e+03
   0.0000000e+00   1.1220000e+03   6.3200000e+03   0.0000000e+00   8.4923408e-01   1.8786105e+03
   0.0000000e+00   1.1220000e+03   6.3200000e+03   0.0000000e+00   8.4923408e-01   1.8623917e+03
   0.0000000e+00   1.1220000e+03   6.3200000e+03   0.0000000e+00   8.4923408e-01   1.8448769e+03
   0.0000000e+00   1.1220000e+03   6.3200000e+03   0.0000000e+00   8.4923408e-01   1.8595946e+03
   0.0000000e+00   1.1220000e+03   6.3200000e+03   0.0000000e+00   8.4923408e-01   1.8774431e+03
   0.0000000e+00   1.1220000e+03   6.3200000e+03   0.0000000e+00   8.4923408e-01   1.9053785e+03
   0.0000000e+00   1.1220000e+03   6.3200000e+03   0.0000000e+00   8.4923408e-01   1.8958257e+03
   0.0000000e+00   1.1220000e+03   6.3200000e+03   0.0000000e+00   8.4923408e-01   1.9207508e+03
   1.0000000e+00   1.1210000e+03   6.3200000e+03   0.0000000e+00   8.4936845e-01   1.9055313e+03
   0.0000000e+00   1.1220000e+03   6.3200000e+03   0.0000000e+00   8.4923408e-01   1.8761432e+03
   0.0000000e+00   1.1220000e+03   6.3200000e+03   0.0000000e+00   8.4923408e-01   1.8786773e+03
   0.0000000e+00   1.1220000e+03   6.3200000e+03   0.0000000e+00   8.4923408e-01   1.8844386e+03
   0.0000000e+00   1.1220000e+03   6.3200000e+03   0.0000000e+00   8.4923408e-01   1.9046840e+03
   0.0000000e+00   1.1220000e+03   6.3200000e+03   0.0000000e+00   8.4923408e-01   1.8759876e+03
   0.0000000e+00   1.1220000e+03   6.3200000e+03   0.0000000e+00   8.4923408e-01   1.8810800e+03
   0.0000000e+00   1.1220000e+03   6.3200000e+03   0.0000000e+00   8.4923408e-01   1.8930457e+03
   0.0000000e+00   1.1220000e+03   6.3200000e+03   0.0000000e+00   8.4923408e-01   1.8550603e+03
   0.0000000e+00   1.1220000e+03   6.3200000e+03   0.0000000e+00   8.4923408e-01   1.8761365e+03
   0.0000000e+00   1.1220000e+03   6.3200000e+03   0.0000000e+00   8.4923408e-01   1.8753810e+03
   0.0000000e+00   1.1220000e+03   6.3200000e+03   0.0000000e+00   8.4923408e-01   1.9223266e+03
   0.0000000e+00   1.1220000e+03   6.3200000e+03   0.0000000e+00   8.4923408e-01   1.8818044e+03
   0.0000000e+00   1.1220000e+03   6.3200000e+03   0.0000000e+00   8.4923408e-01   1.8482756e+03
   0.0000000e+00   1.1220000e+03   6.3200000e+03   0.0000000e+00   8.4923408e-01   1.8495629e+03
   0.0000000e+00   1.1220000e+03   6.3200000e+03   0.0000000e+00   8.4923408e-01   1.9032668e+03
   0.0000000e+00   1.1220000e+03   6.3200000e+03   0.0000000e+00   8.4923408e-01   1.8825642e+03
   0.0000000e+00   1.1220000e+03   6.3170000e+03   3.0000000e+00   8.4883096e-01   1.8891692e+03
   1.0000000e+00   1.1210000e+03   6.3200000e+03   0.0000000e+00   8.4936845e-01   1.8753211e+03
   0.0000000e+00   1.1220000e+03   6.3200000e+03   0.0000000e+00   8.4923408e-01   1.8681957e+03
   0.0000000e+00   1.1220000e+03   6.3200000e+03   0.0000000e+00   8.4923408e-01   1.8621232e+03
   0.0000000e+00   1.1220000e+03   6.3200000e+03   0.0000000e+00   8.4923408e-01   1.8898801e+03
   0.0000000e+00   1.1220000e+03   6.3100000e+03   1.0000000e+01   8.4789035e-01   1.8503411e+03
   0.0000000e+00   1.1220000e+03   6.3200000e+03   0.0000000e+00   8.4923408e-01   1.8907799e+03
   0.0000000e+00   1.1220000e+03   6.3200000e+03   0.0000000e+00   8.4923408e-01   1.9014307e+03
   0.0000000e+00   1.1220000e+03   6.3200000e+03   0.0000000e+00   8.4923408e-01   1.8656651e+03
   0.0000000e+00   1.1220000e+03   6.3200000e+03   0.0000000e+00   8.4923408e-01   1.8682740e+03
   0.0000000e+00   1.1220000e+03   6.3200000e+03   0.0000000e+00   8.4923408e-01   1.8662710e+03
   0.0000000e+00   1.1220000e+03   6.3200000e+03   0.0000000e+00   8.4923408e-01   1.8698458e+03
   0.0000000e+00   1.1220000e+03   6.3200000e+03   0.0000000e+00   8.4923408e-01   1.8726478e+03
   0.0000000e+00   1.1220000e+03   6.3200000e+03   0.0000000e+00   8.4923408e-01   1.8904754e+03
   0.0000000e+00   1.1220000e+03   6.3200000e+03   0.0000000e+00   8.4923408e-01   1.8798660e+03
   0.0000000e+00   1.1220000e+03   6.3200000e+03   0.0000000e+00   8.4923408e-01   1.8566265e+03
   0.0000000e+00   1.1220000e+03   6.3200000e+03   0.0000000e+00   8.4923408e-01   1.9258707e+03
   0.0000000e+00   1.1220000e+03   6.3200000e+03   0.0000000e+00   8.4923408e-01   1.9045347e+03
   0.0000000e+00   1.1220000e+03   6.3200000e+03   0.0000000e+00   8.4923408e-01   1.8557494e+03
   0.0000000e+00   1.1220000e+03   6.3200000e+03   0.0000000e+00   8.4923408e-01   1.8630147e+03
   1.0000000e+01   1.1120000e+03   6.3190000e+03   1.0000000e+00   8.5044343e-01   1.8705797e+03
   0.0000000e+00   1.1220000e+03   6.3200000e+03   0.0000000e+00   8.4923408e-01   1.8604044e+03
   0.0000000e+00   1.1220000e+03   6.3200000e+03   0.0000000e+00   8.4923408e-01   1.8904501e+03
   0.0000000e+00   1.1220000e+03   6.3200000e+03   0.0000000e+00   8.4923408e-01   1.8590439e+03
   0.0000000e+00   1.1220000e+03   6.3090000e+03   1.1000000e+01   8.4775598e-01   1.8482969e+03
   0.0000000e+00   1.1220000e+03   6.3200000e+03   0.0000000e+00   8.4923408e-01   1.8738672e+03
   0.0000000e+00   1.1220000e+03   6.3200000e+03   0.0000000e+00   8.4923408e-01   1.9233538e+03
   0.0000000e+00   1.1220000e+03   6.3200000e+03   0.0000000e+00   8.4923408e-01   1.8738531e+03
   0.0000000e+00   1.1220000e+03   6.3200000e+03   0.0000000e+00   8.4923408e-01   1.8775656e+03
   0.0000000e+00   1.1220000e+03   6.3200000e+03   0.0000000e+00   8.4923408e-01   1.8575140e+03
   0.0000000e+00   1.1220000e+03   6.3200000e+03   0.0000000e+00   8.4923408e-01   1.8967982e+03
   0.0000000e+00   1.1220000e+03   6.3200000e+03   0.0000000e+00   8.4923408e-01   1.9077127e+03
   0.0000000e+00   1.1220000e+03   6.3200000e+03   0.0000000e+00   8.4923408e-01   1.8870221e+03
   0.0000000e+00   1.1220000e+03   6.3200000e+03   0.0000000e+00   8.4923408e-01   1.8578951e+03
   0.0000000e+00   1.1220000e+03   6.3200000e+03   0.0000000e+00   8.4923408e-01   1.8684334e+03
   0.0000000e+00   1.1220000e+03   6.3200000e+03   0.0000000e+00   8.4923408e-01   1.9123788e+03
   0.0000000e+00   1.1220000e+03   6.3200000e+03   0.0000000e+00   8.4923408e-01   1.8567179e+03
   0.0000000e+00   1.1220000e+03   6.3200000e+03   0.0000000e+00   8.4923408e-01   1.8556268e+03
   0.0000000e+00   1.1220000e+03   6.3200000e+03   0.0000000e+00   8.4923408e-01   1.8904272e+03
   0.0000000e+00   1.1220000e+03   6.3200000e+03   0.0000000e+00   8.4923408e-01   1.8990927e+03
   0.0000000e+00   1.1220000e+03   6.3200000e+03   0.0000000e+00   8.4923408e-01   1.8718196e+03
   0.0000000e+00   1.1220000e+03   6.3200000e+03   0.0000000e+00   8.4923408e-01   1.8648404e+03
   0.0000000e+00   1.1220000e+03   6.3200000e+03   0.0000000e+00   8.4923408e-01   1.8738879e+03
   0.0000000e+00   1.1220000e+03   6.3200000e+03   0.0000000e+00   8.4923408e-01   1.9166226e+03
   0.0000000e+00   1.1220000e+03   6.3200000e+03   0.0000000e+00   8.4923408e-01   1.9049053e+03
   0.0000000e+00   1.1220000e+03   6.3200000e+03   0.0000000e+00   8.4923408e-01   1.9025755e+03
   0.0000000e+00   1.1220000e+03   6.3200000e+03   0.0000000e+00   8.4923408e-01   1.8820561e+03
   0.0000000e+00   1.1220000e+03   6.3200000e+03   0.0000000e+00   8.4923408e-01   1.8919368e+03
   0.0000000e+00   1.1220000e+03   6.3200000e+03   0.0000000e+00   8.4923408e-01   1.8760837e+03
   3.0000000e+00   1.1190000e+03   6.3200000e+03   0.0000000e+00   8.4963719e-01   1.8582215e+03
   0.0000000e+00   1.1220000e+03   6.3200000e+03   0.0000000e+00   8.4923408e-01   1.8834076e+03
