   0.0000000e+00   1.1220000e+03   6.3200000e+03   0.0000000e+00   8.4923408e-01   1.9137006e+03
   0.0000000e+00   1.1220000e+03   6.3200000e+03   0.0000000e+00   8.4923408e-01   1.8983575e+03
   0.0000000e+00   1.1220000e+03   6.3200000e+03   0.0000000e+00   8.4923408e-01   1.9040557e+03
   0.0000000e+00   1.1220000e+03   6.3200000e+03   0.0000000e+00   8.4923408e-01   1.8731093e+03
   0.0000000e+00   1.1220000e+03   6.3200000e+03   0.0000000e+00   8.4923408e-01   1.8877801e+03
   9.0000000e+00   1.1130000e+03   6.3170000e+03   3.0000000e+00   8.5004031e-01   1.8556403e+03
   0.0000000e+00   1.1220000e+03   6.3200000e+03   0.0000000e+00   8.4923408e-01   1.8548122e+03
   0.0000000e+00   1.1220000e+03   6.3200000e+03   0.0000000e+00   8.4923408e-01   1.8798311e+03
   0.0000000e+00   1.1220000e+03   6.3200000e+03   0.0000000e+00   8.4923408e-01   1.8662619e+03
   0.0000000e+00   1.1220000e+03   6.3200000e+03   0.0000000e+00   8.4923408e-01   1.8631261e+03
   3.0000000e+00   1.1190000e+03   6.3150000e+03   5.0000000e+00   8.4896533e-01   1.8534880e+03
   0.0000000e+00   1.1220000e+03   6.3200000e+03   0.0000000e+00   8.4923408e-01   1.8711683e+03
   0.0000000e+00   1.1220000e+03   6.3200000e+03   0.0000000e+00   8.4923408e-01   1.8572306e+03
   0.0000000e+00   1.1220000e+03   6.3200000e+03   0.0000000e+00   8.4923408e-01   1.8545131e+03
   0.0000000e+00   1.1220000e+03   6.3200000e+03   0.0000000e+00   8.4923408e-01   1.8952372e+03
   0.0000000e+00   1.1220000e+03   6.3200000e+03   0.0000000e+00   8.4923408e-01   1.9110338e+03
   0.0000000e+00   1.1220000e+03   6.3200000e+03   0.0000000e+00   8.4923408e-01   1.8608301e+03
   0.0000000e+00   1.1220000e+03   6.3200000e+03   0.0000000e+00   8.4923408e-01   1.8899040e+03
   0.0000000e+00   1.1220000e+03   6.3200000e+03   0.0000000e+00   8.4923408e-01   1.8962023e+03
   0.0000000e+00   1.1220000e+03   6.3200000e+03   0.0000000e+00   8.4923408e-01   1.8758824e+03
   0.0000000e+00   1.1220000e+03   6.3200000e+03   0.0000000e+00   8.4923408e-01   1.8493307e+03
   0.0000000e+00   1.1220000e+03   6.3200000e+03   0.0000000e+00   8.4923408e-01   1.8527384e+03
   0.0000000e+00   1.1220000e+03   6.3200000e+03   0.0000000e+00   8.4923408e-01   1.8723287e+03
   0.0000000e+00   1.1220000e+03   6.3200000e+03   0.0000000e+00   8.4923408e-01   1.8586286e+03
   0.0000000e+00   1.1220000e+03   6.3100000e+03   1.0000000e+01   8.4789035e-01   1.8876731e+03
   8.0000000e+00   1.1140000e+03   6.2960000e+03   2.4000000e+01   8.4708412e-01   1.8512458e+03
   0.0000000e+00   1.1220000e+03   6.3200000e+03   0.0000000e+00   8.4923408e-01   1.8950386e+03
   0.0000000e+00   1.1220000e+03   6.3200000e+03   0.0000000e+00   8.4923408e-01   1.8766759e+03
   0.0000000e+00   1.1220000e+03   6.3200000e+03   0.0000000e+00   8.4923408e-01   1.8580730e+03
   0.0000000e+00   1.1220000e+03   6.3200000e+03   0.0000000e+00   8.4923408e-01   1.8552551e+03
   0.0000000e+00   1.1220000e+03   6.3200000e+03   0.0000000e+00   8.4923408e-01   1.8715509e+03
   0.0000000e+00   1.1220000e+03   6.3200000e+03   0.0000000e+00   8.4923408e-01   1.8635808e+03
   0.0000000e+00   1.1220000e+03   6.3200000e+03   0.0000000e+00   8.4923408e-01   1.9243642e+03
   0.0000000e+00   1.1220000e+03   6.3200000e+03   0.0000000e+00   8.4923408e-01   1.8480362e+03
   0.0000000e+00   1.1220000e+03   6.3200000e+03   0.0000000e+00   8.4923408e-01   1.8739622e+03
   0.0000000e+00   1.1220000e+03   6.3200000e+03   0.0000000e+00   8.4923408e-01   1.9324530e+03
   0.0000000e+00   1.1220000e+03   6.3200000e+03   0.0000000e+00   8.4923408e-01   1.8721166e+03
   0.0000000e+00   1.1220000e+03   6.3200000e+03   0.0000000e+00   8.4923408e-01   1.8870412e+03
   0.0000000e+00   1.1220000e+03   6.3200000e+03   0.0000000e+00   8.4923408e-01   1.9040614e+03
   0.0000000e+00   1.1220000e+03   6.3200000e+03   0.0000000e+00   8.4923408e-01   1.8669308e+03
   1.0000000e+00   1.1210000e+03   6.3200000e+03   0.0000000e+00   8.4936845e-01   1.9073950e+03
   3.0000000e+00   1.1190000e+03   6.3150000e+03   5.0000000e+00   8.4896533e-01   1.8802081e+03
   0.0000000e+00   1.1220000e+03   6.3200000e+03   0.0000000e+00   8.4923408e-01   1.9025958e+03
   7.0000000e+00   1.1150000e+03   6.2880000e+03   3.2000000e+01   8.4587476e-01   1.8690848e+03
   2.0000000e+00   1.1200000e+03   6.3180000e+03   2.0000000e+00   8.4923408e-01   1.8449150e+03
   0.0000000e+00   1.1220000e+03   6.3200000e+03   0.0000000e+00   8.4923408e-01   1.9318046e+03
   0.0000000e+00   1.1220000e+03   6.3200000e+03   0.0000000e+00   8.4923408e-01   1.8741859e+03
   0.0000000e+00   1.1220000e+03   6.3200000e+03   0.0000000e+00   8.4923408e-01   1.8800140e+03
   0.0000000e+00   1.1220000e+03   6.3200000e+03   0.0000000e+00   8.4923408e-01   1.8532473e+03
   0.0000000e+00   1.1220000e+03   6.3200000e+03   0.0000000e+00   8.4923408e-01   1.8598925e+03
   0.0000000e+00   1.1220000e+03   6.3200000e+03   0.0000000e+00   8.4923408e-01   1.8961228e+03
   0.0000000e+00   1.1220000e+03   6.3200000e+03   0.0000000e+00   8.4923408e-01   1.8608533e+03
   1.0000000e+00   1.1210000e+03   6.3190000e+03   1.0000000e+00   8.4923408e-01   1.8608960e+03
   4.0000000e+00   1.1180000e+03   6.3060000e+03   1.4000000e+01   8.4789035e-01   1.8389236e+03
   3.3000000e+01   1.0890000e+03   6.2610000e+03   5.9000000e+01   8.4574039e-01   1.8482548e+03
   0.0000000e+00   1.1220000e+03   6.3200000e+03   0.0000000e+00   8.4923408e-01   1.8598184e+03
   0.0000000e+00   1.1220000e+03   6.3200000e+03   0.0000000e+00   8.4923408e-01   1.9203462e+03
   0.0000000e+00   1.1220000e+03   6.3200000e+03   0.0000000e+00   8.4923408e-01   1.9513732e+03
   0.0000000e+00   1.1220000e+03   6.3200000e+03   0.0000000e+00   8.4923408e-01   1.8635901e+03
   0.0000000e+00   1.1220000e+03   6.3200000e+03   0.0000000e+00   8.4923408e-01   1.8513949e+03
   0.0000000e+00   1.1220000e+03   6.3200000e+03   0.0000000e+00   8.4923408e-01   1.8671856e+03
   0.0000000e+00   1.1220000e+03   6.3200000e+03   0.0000000e+00   8.4923408e-01   1.8711261e+03
   5.0000000e+00   1.1170000e+03   6.2940000e+03   2.6000000e+01   8.4641225e-01   1.8387596e+03
   0.0000000e+00   1.1220000e+03   6.3200000e+03   0.0000000e+00   8.4923408e-01   1.8627150e+03
   1.7000000e+01   1.1050000e+03   6.2950000e+03   2.5000000e+01   8.4815910e-01   1.8434173e+03
   0.0000000e+00   1.1220000e+03   6.3200000e+03   0.0000000e+00   8.4923408e-01   1.8591588e+03
   0.0000000e+00   1.1220000e+03   6.3200000e+03   0.0000000e+00   8.4923408e-01   1.8565930e+03
   0.0000000e+00   1.1220000e+03   6.3200000e+03   0.0000000e+00   8.4923408e-01   1.8475086e+03
   0.0000000e+00   1.1220000e+03   6.3200000e+03   0.0000000e+00   8.4923408e-01   1.8670410e+03
   0.0000000e+00   1.1220000e+03   6.3200000e+03   0.0000000e+00   8.4923408e-01   1.8812695e+03
   0.0000000e+00   1.1220000e+03   6.3200000e+03   0.0000000e+00   8.4923408e-01   1.8558327e+03
   0.0000000e+00   1.1220000e+03   6.3200000e+03   0.0000000e+00   8.4923408e-01   1.8800391e+03
   0.0000000e+00   1.1220000e+03   6.3200000e+03   0.0000000e+00   8.4923408e-01   1.8742035e+03
   0.0000000e+00   1.1220000e+03   6.3200000e+03   0.0000000e+00   8.4923408e-01   1.9023237e+03
   0.0000000e+00   1.1220000e+03   6.3200000e+03   0.0000000e+00   8.4923408e-01   1.8788729e+03
   0.0000000e+00   1.1220000e+03   6.3200000e+03   0.0000000e+00   8.4923408e-01   1.8560874e+03
   0.0000000e+00   1.1220000e+03   6.3200000e+03   0.0000000e+00   8.4923408e-01   1.8952275e+03
   0.0000000e+00   1.1220000e+03   6.3200000e+03   0.0000000e+00   8.4923408e-01   1.8890608e+03
   0.0000000e+00   1.1220000e+03   6.3200000e+03   0.0000000e+00   8.4923408e-01   1.8566389e+03
   0.0000000e+00   1.1220000e+03   6.3200000e+03   0.0000000e+00   8.4923408e-01   1.9059750e+03
   1.2000000e+01   1.1100000e+03   6.2900000e+03   3.0000000e+01   8.4681537e-01   1.8749573e+03
   0.0000000e+00   1.1220000e+03   6.3200000e+03   0.0000000e+00   8.4923408e-01   1.8566723e+03
   0.0000000e+00   1.1220000e+03   6.3200000e+03   0.0000000e+00   8.4923408e-01   1.8724786e+03
   0.0000000e+00   1.1220000e+03   6.3200000e+03   0.0000000e+00   8.4923408e-01   1.8715955e+03
   0.0000000e+00   1.1220000e+03   6.3200000e+03   0.0000000e+00   8.4923408e-01   1.8778335e+03
   0.0000000e+00   1.1220000e+03   6.3200000e+03   0.0000000e+00   8.4923408e-01   1.9053001e+03
   0.0000000e+00   1.1220000e+03   6.3200000e+03   0.0000000e+00   8.4923408e-01   1.8551425e+03
   0.0000000e+00   1.1220000e+03   6.3200000e+03   0.0000000e+00   8.4923408e-01   1.8723019e+03
   0.0000000e+00   1.1220000e+03   6.3200000e+03   0.0000000e+00   8.4923408e-01   1.8555580e+03
   0.0000000e+00   1.1220000e+03   6.3200000e+03   0.0000000e+00   8.4923408e-01   1.8964753e+03
   0.0000000e+00   1.1220000e+03   6.3200000e+03   0.0000000e+00   8.4923408e-01   1.8970831e+03
   0.0000000e+00   1.1220000e+03   6.3190000e+03   1.0000000e+00   8.4909970e-01   1.8347608e+03
   0.0000000e+00   1.1220000e+03   6.3200000e+03   0.0000000e+00   8.4923408e-01   1.9368415e+03
   0.0000000e+00   1.1220000e+03   6.3200000e+03   0.0000000e+00   8.4923408e-01   1.8771417e+03
   0.0000000e+00   1.1220000e+03   6.3200000e+03   0.0000000e+00   8.4923408e-01   1.8675004e+03
   0.0000000e+00   1.1220000e+03   6.3200000e+03   0.0000000e+00   8.4923408e-01   1.9008163e+03
   0.0000000e+00   1.1220000e+03   6.3200000e+03   0.0000000e+00   8.4923408e-01   1.8587241e+03
   0.0000000e+00   1.1220000e+03   6.3200000e+03   0.0000000e+00   8.4923408e-01   1.8630956e+03
   0.0000000e+00   1.1220000e+03   6.3200000e+03   0.0000000e+00   8.4923408e-01   1.9091335e+03
   0.0000000e+00   1.1220000e+03   6.3200000e+03   0.0000000e+00   8.4923408e-01   1.8712252e+03
