   0.0000000e+00   2.7940000e+03   1.9532000e+04   0.0000000e+00   8.7485443e-01   4.9704673e+03
   0.0000000e+00   2.7940000e+03   1.9532000e+04   0.0000000e+00   8.7485443e-01   4.9635861e+03
   0.0000000e+00   2.7940000e+03   1.9532000e+04   0.0000000e+00   8.7485443e-01   4.9319314e+03
   0.0000000e+00   2.7940000e+03   1.9532000e+04   0.0000000e+00   8.7485443e-01   4.8976076e+03
   0.0000000e+00   2.7940000e+03   1.9532000e+04   0.0000000e+00   8.7485443e-01   4.8017234e+03
   0.0000000e+00   2.7940000e+03   1.9532000e+04   0.0000000e+00   8.7485443e-01   4.8643034e+03
   0.0000000e+00   2.7940000e+03   1.9532000e+04   0.0000000e+00   8.7485443e-01   5.0193652e+03
   0.0000000e+00   2.7940000e+03   1.9532000e+04   0.0000000e+00   8.7485443e-01   4.9193637e+03
   0.0000000e+00   2.7940000e+03   1.9532000e+04   0.0000000e+00   8.7485443e-01   4.8997814e+03
   0.0000000e+00   2.7940000e+03   1.9532000e+04   0.0000000e+00   8.7485443e-01   4.8923652e+03
   0.0000000e+00   2.7940000e+03   1.9532000e+04   0.0000000e+00   8.7485443e-01   4.8428405e+03
   0.0000000e+00   2.7940000e+03   1.9532000e+04   0.0000000e+00   8.7485443e-01   4.8997013e+03
   0.0000000e+00   2.7940000e+03   1.9532000e+04   0.0000000e+00   8.7485443e-01   4.8406431e+03
   0.0000000e+00   2.7940000e+03   1.9532000e+04   0.0000000e+00   8.7485443e-01   5.0941829e+03
   0.0000000e+00   2.7940000e+03   1.9532000e+04   0.0000000e+00   8.7485443e-01   4.8216392e+03
   0.0000000e+00   2.7940000e+03   1.9532000e+04   0.0000000e+00   8.7485443e-01   4.8785887e+03
   0.0000000e+00   2.7940000e+03   1.9532000e+04   0.0000000e+00   8.7485443e-01   4.9079284e+03
   0.0000000e+00   2.7940000e+03   1.9532000e+04   0.0000000e+00   8.7485443e-01   5.0065437e+03
   0.0000000e+00   2.7940000e+03   1.9532000e+04   0.0000000e+00   8.7485443e-01   4.9284598e+03
   0.0000000e+00   2.7940000e+03   1.9532000e+04   0.0000000e+00   8.7485443e-01   5.0019731e+03
   0.0000000e+00   2.7940000e+03   1.9532000e+04   0.0000000e+00   8.7485443e-01   4.9066324e+03
   0.0000000e+00   2.7940000e+03   1.9532000e+04   0.0000000e+00   8.7485443e-01   4.8336716e+03
   0.0000000e+00   2.7940000e+03   1.9532000e+04   0.0000000e+00   8.7485443e-01   4.8764894e+03
   0.0000000e+00   2.7940000e+03   1.9532000e+04   0.0000000e+00   8.7485443e-01   4.7993575e+03
   0.0000000e+00   2.7940000e+03   1.9532000e+04   0.0000000e+00   8.7485443e-01   4.8863237e+03
   0.0000000e+00   2.7940000e+03   1.9532000e+04   0.0000000e+00   8.7485443e-01   4.8768981e+03
   0.0000000e+00   2.7940000e+03   1.9532000e+04   0.0000000e+00   8.7485443e-01   4.9069278e+03
   0.0000000e+00   2.7940000e+03   1.9532000e+04   0.0000000e+00   8.7485443e-01   4.9154168e+03
   0.0000000e+00   2.7940000e+03   1.9532000e+04   0.0000000e+00   8.7485443e-01   4.9341922e+03
   0.0000000e+00   2.7940000e+03   1.9532000e+04   0.0000000e+00   8.7485443e-01   5.0362425e+03
   0.0000000e+00   2.7940000e+03   1.9532000e+04   0.0000000e+00   8.7485443e-01   4.8691809e+03
   0.0000000e+00   2.7940000e+03   1.9532000e+04   0.0000000e+00   8.7485443e-01   4.9399712e+03
   0.0000000e+00   2.7940000e+03   1.9532000e+04   0.0000000e+00   8.7485443e-01   5.0321366e+03
   8.0000000e+00   2.7860000e+03   1.9449000e+04   8.3000000e+01   8.7149512e-01   4.8771735e+03
   0.0000000e+00   2.7940000e+03   1.9532000e+04   0.0000000e+00   8.7485443e-01   4.8853954e+03
   0.0000000e+00   2.7940000e+03   1.9532000e+04   0.0000000e+00   8.7485443e-01   4.9597515e+03
   0.0000000e+00   2.7940000e+03   1.9532000e+04   0.0000000e+00   8.7485443e-01   4.8347996e+03
   0.0000000e+00   2.7940000e+03   1.9532000e+04   0.0000000e+00   8.7485443e-01   4.9580324e+03
   0.0000000e+00   2.7940000e+03   1.9532000e+04   0.0000000e+00   8.7485443e-01   4.9847294e+03
   0.0000000e+00   2.7940000e+03   1.9532000e+04   0.0000000e+00   8.7485443e-01   5.0796574e+03
   0.0000000e+00   2.7940000e+03   1.9532000e+04   0.0000000e+00   8.7485443e-01   4.9840213e+03
   0.0000000e+00   2.7940000e+03   1.9532000e+04   0.0000000e+00   8.7485443e-01   4.9065711e+03
   0.0000000e+00   2.7940000e+03   1.9532000e+04   0.0000000e+00   8.7485443e-01   4.8883276e+03
   0.0000000e+00   2.7940000e+03   1.9532000e+04   0.0000000e+00   8.7485443e-01   4.8929569e+03
   0.0000000e+00   2.7940000e+03   1.9532000e+04   0.0000000e+00   8.7485443e-01   4.9713255e+03
   0.0000000e+00   2.7940000e+03   1.9532000e+04   0.0000000e+00   8.7485443e-01   4.8615942e+03
   0.0000000e+00   2.7940000e+03   1.9532000e+04   0.0000000e+00   8.7485443e-01   4.9872049e+03
   0.0000000e+00   2.7940000e+03   1.9532000e+04   0.0000000e+00   8.7485443e-01   4.8395543e+03
   0.0000000e+00   2.7940000e+03   1.9532000e+04   0.0000000e+00   8.7485443e-01   4.9064368e+03
   0.0000000e+00   2.7940000e+03   1.9532000e+04   0.0000000e+00   8.7485443e-01   4.8465758e+03
   1.0000000e+00   2.7930000e+03   1.9466000e+04   6.6000000e+01   8.7194303e-01   4.8558140e+03
   0.0000000e+00   2.7940000e+03   1.9532000e+04   0.0000000e+00   8.7485443e-01   4.8452651e+03
   0.0000000e+00   2.7940000e+03   1.9532000e+04   0.0000000e+00   8.7485443e-01   4.9041936e+03
   0.0000000e+00   2.7940000e+03   1.9532000e+04   0.0000000e+00   8.7485443e-01   4.9638579e+03
   0.0000000e+00   2.7940000e+03   1.9532000e+04   0.0000000e+00   8.7485443e-01   4.8288940e+03
   0.0000000e+00   2.7940000e+03   1.9532000e+04   0.0000000e+00   8.7485443e-01   4.8078812e+03
   0.0000000e+00   2.7940000e+03   1.9532000e+04   0.0000000e+00   8.7485443e-01   4.8994760e+03
   0.0000000e+00   2.7940000e+03   1.9532000e+04   0.0000000e+00   8.7485443e-01   4.9520167e+03
   0.0000000e+00   2.7940000e+03   1.9532000e+04   0.0000000e+00   8.7485443e-01   4.9429396e+03
   0.0000000e+00   2.7940000e+03   1.9532000e+04   0.0000000e+00   8.7485443e-01   4.9573931e+03
   0.0000000e+00   2.7940000e+03   1.9532000e+04   0.0000000e+00   8.7485443e-01   4.8510117e+03
   0.0000000e+00   2.7940000e+03   1.9532000e+04   0.0000000e+00   8.7485443e-01   4.9606092e+03
   0.0000000e+00   2.7940000e+03   1.9532000e+04   0.0000000e+00   8.7485443e-01   4.8525309e+03
   0.0000000e+00   2.7940000e+03   1.9532000e+04   0.0000000e+00   8.7485443e-01   4.9293452e+03
   0.0000000e+00   2.7940000e+03   1.9532000e+04   0.0000000e+00   8.7485443e-01   4.7680343e+03
   0.0000000e+00   2.7940000e+03   1.9532000e+04   0.0000000e+00   8.7485443e-01   4.9449451e+03
   0.0000000e+00   2.7940000e+03   1.9532000e+04   0.0000000e+00   8.7485443e-01   4.8832992e+03
   0.0000000e+00   2.7940000e+03   1.9532000e+04   0.0000000e+00   8.7485443e-01   4.8877251e+03
   0.0000000e+00   2.7940000e+03   1.9532000e+04   0.0000000e+00   8.7485443e-01   4.9283276e+03
   0.0000000e+00   2.7940000e+03   1.9532000e+04   0.0000000e+00   8.7485443e-01   4.7910681e+03
   0.0000000e+00   2.7940000e+03   1.9532000e+04   0.0000000e+00   8.7485443e-01   4.8332374e+03
   0.0000000e+00   2.7940000e+03   1.9532000e+04   0.0000000e+00   8.7485443e-01   4.8304279e+03
   0.0000000e+00   2.7940000e+03   1.9532000e+04   0.0000000e+00   8.7485443e-01   5.0179124e+03
   0.0000000e+00   2.7940000e+03   1.9532000e+04   0.0000000e+00   8.7485443e-01   4.8709060e+03
   0.0000000e+00   2.7940000e+03   1.9532000e+04   0.0000000e+00   8.7485443e-01   4.8299005e+03
   0.0000000e+00   2.7940000e+03   1.9532000e+04   0.0000000e+00   8.7485443e-01   4.9437732e+03
   0.0000000e+00   2.7940000e+03   1.9532000e+04   0.0000000e+00   8.7485443e-01   4.8819894e+03
   0.0000000e+00   2.7940000e+03   1.9532000e+04   0.0000000e+00   8.7485443e-01   4.8954405e+03
   0.0000000e+00   2.7940000e+03   1.9532000e+04   0.0000000e+00   8.7485443e-01   4.9086086e+03
   0.0000000e+00   2.7940000e+03   1.9532000e+04   0.0000000e+00   8.7485443e-01   4.9730375e+03
   0.0000000e+00   2.7940000e+03   1.9532000e+04   0.0000000e+00   8.7485443e-01   5.0064140e+03
   0.0000000e+00   2.7940000e+03   1.9532000e+04   0.0000000e+00   8.7485443e-01   4.9285264e+03
   0.0000000e+00   2.7940000e+03   1.9532000e+04   0.0000000e+00   8.7485443e-01   4.8417112e+03
   0.0000000e+00   2.7940000e+03   1.9532000e+04   0.0000000e+00   8.7485443e-01   4.9770533e+03
   0.0000000e+00   2.7940000e+03   1.9532000e+04   0.0000000e+00   8.7485443e-01   4.9399754e+03
   0.0000000e+00   2.7940000e+03   1.9532000e+04   0.0000000e+00   8.7485443e-01   4.9118532e+03
   0.0000000e+00   2.7940000e+03   1.9532000e+04   0.0000000e+00   8.7485443e-01   5.0555775e+03
   0.0000000e+00   2.7940000e+03   1.9532000e+04   0.0000000e+00   8.7485443e-01   4.8701791e+03
   0.0000000e+00   2.7940000e+03   1.9532000e+04   0.0000000e+00   8.7485443e-01   4.8555488e+03
   0.0000000e+00   2.7940000e+03   1.9532000e+04   0.0000000e+00   8.7485443e-01   4.9313185e+03
   0.0000000e+00   2.7940000e+03   1.9532000e+04   0.0000000e+00   8.7485443e-01   4.9213235e+03
   0.0000000e+00   2.7940000e+03   1.9532000e+04   0.0000000e+00   8.7485443e-01   4.8885490e+03
   0.0000000e+00   2.7940000e+03   1.9532000e+04   0.0000000e+00   8.7485443e-01   4.8839121e+03
   0.0000000e+00   2.7940000e+03   1.9532000e+04   0.0000000e+00   8.7485443e-01   4.9028112e+03
   0.0000000e+00   2.7940000e+03   1.9495000e+04   3.7000000e+01   8.7319717e-01   4.8571394e+03
   0.0000000e+00   2.7940000e+03   1.9532000e+04   0.0000000e+00   8.7485443e-01   4.7848845e+03
   0.0000000e+00   2.7940000e+03   1.9532000e+04   0.0000000e+00   8.7485443e-01   4.8699404e+03
   0.0000000e+00   2.7940000e+03   1.9532000e+04   0.0000000e+00   8.7485443e-01   4.9505796e+03
   0.0000000e+00   2.7940000e+03   1.9532000e+04   0.0000000e+00   8.7485443e-01   5.0832450e+03
   0.0000000e+00   2.7940000e+03   1.9532000e+04   0.0000000e+00   8.7485443e-01   4.8533368e+03
