   4.5000000e+01   2.7490000e+03   1.9353000e+04   1.7900000e+02   8.6885246e-01   4.7237843e+03
   2.0000000e+01   2.7740000e+03   1.9413000e+04   1.1900000e+02   8.7042014e-01   4.7074956e+03
   2.2000000e+01   2.7720000e+03   1.9386000e+04   1.4600000e+02   8.6930037e-01   4.7027407e+03
   6.6000000e+01   2.7280000e+03   1.9312000e+04   2.2000000e+02   8.6795664e-01   4.7736530e+03
   2.7000000e+01   2.7670000e+03   1.9378000e+04   1.5400000e+02   8.6916599e-01   4.7612965e+03
   0.0000000e+00   2.7940000e+03   1.9532000e+04   0.0000000e+00   8.7485443e-01   4.9264927e+03
   6.4000000e+01   2.7300000e+03   1.9333000e+04   1.9900000e+02   8.6880767e-01   4.9295111e+03
   3.3000000e+01   2.7610000e+03   1.9398000e+04   1.3400000e+02   8.7033056e-01   4.7657123e+03
   6.1000000e+01   2.7330000e+03   1.9339000e+04   1.9300000e+02   8.6894204e-01   4.7636853e+03
   1.5000000e+01   2.7790000e+03   1.9494000e+04   3.8000000e+01   8.7382424e-01   4.7303108e+03
   5.2000000e+01   2.7420000e+03   1.9401000e+04   1.3100000e+02   8.7131595e-01   4.8743404e+03
   0.0000000e+00   2.7940000e+03   1.9532000e+04   0.0000000e+00   8.7485443e-01   4.7801252e+03
   4.7000000e+01   2.7470000e+03   1.9335000e+04   1.9700000e+02   8.6813581e-01   4.7650607e+03
   2.3000000e+01   2.7710000e+03   1.9475000e+04   5.7000000e+01   8.7333154e-01   4.7345911e+03
   1.0000000e+00   2.7930000e+03   1.9507000e+04   2.5000000e+01   8.7377945e-01   4.7671632e+03
   4.8000000e+01   2.7460000e+03   1.9331000e+04   2.0100000e+02   8.6800143e-01   4.7627654e+03
   1.6000000e+01   2.7780000e+03   1.9477000e+04   5.5000000e+01   8.7310759e-01   4.7257436e+03
   5.2000000e+01   2.7420000e+03   1.9337000e+04   1.9500000e+02   8.6844934e-01   4.8032714e+03
   1.9000000e+01   2.7750000e+03   1.9401000e+04   1.3100000e+02   8.6983786e-01   4.7529135e+03
   1.0100000e+02   2.6930000e+03   1.9201000e+04   3.3100000e+02   8.6455254e-01   4.7874960e+03
   6.2000000e+01   2.7320000e+03   1.9331000e+04   2.0100000e+02   8.6862850e-01   4.7997115e+03
   4.4000000e+01   2.7500000e+03   1.9351000e+04   1.8100000e+02   8.6871809e-01   4.7951932e+03
   7.0000000e+00   2.7870000e+03   1.9466000e+04   6.6000000e+01   8.7221177e-01   4.7223641e+03
   0.0000000e+00   2.7940000e+03   1.9512000e+04   2.0000000e+01   8.7395861e-01   4.7214482e+03
   8.4000000e+01   2.7100000e+03   1.9268000e+04   2.6400000e+02   8.6679208e-01   4.7584731e+03
   3.5000000e+01   2.7590000e+03   1.9368000e+04   1.6400000e+02   8.6907641e-01   4.7312890e+03
   2.8000000e+01   2.7660000e+03   1.9371000e+04   1.6100000e+02   8.6889725e-01   4.7602485e+03
   5.6000000e+01   2.7380000e+03   1.9341000e+04   1.9100000e+02   8.6880767e-01   4.7677751e+03
   5.1000000e+01   2.7430000e+03   1.9344000e+04   1.8800000e+02   8.6871809e-01   4.7912946e+03
   5.5000000e+01   2.7390000e+03   1.9333000e+04   1.9900000e+02   8.6840455e-01   4.7609517e+03
   3.0000000e+01   2.7640000e+03   1.9391000e+04   1.4100000e+02   8.6988265e-01   4.7529456e+03
   0.0000000e+00   2.7940000e+03   1.9507000e+04   2.5000000e+01   8.7373466e-01   4.7186857e+03
   5.6000000e+01   2.7380000e+03   1.9338000e+04   1.9400000e+02   8.6867330e-01   4.7814465e+03
   2.2000000e+01   2.7720000e+03   1.9400000e+04   1.3200000e+02   8.6992744e-01   4.7452959e+03
   0.0000000e+00   2.7940000e+03   1.9523000e+04   9.0000000e+00   8.7445131e-01   4.7254710e+03
   2.0000000e+01   2.7740000e+03   1.9400000e+04   1.3200000e+02   8.6983786e-01   4.8181711e+03
   2.8000000e+01   2.7660000e+03   1.9391000e+04   1.4100000e+02   8.6979307e-01   4.7220800e+03
   1.1400000e+02   2.6800000e+03   1.9182000e+04   3.5000000e+02   8.6428379e-01   4.8913852e+03
   0.0000000e+00   2.7940000e+03   1.9518000e+04   1.4000000e+01   8.7422736e-01   4.7230747e+03
   2.4000000e+01   2.7700000e+03   1.9378000e+04   1.5400000e+02   8.6903162e-01   4.7359796e+03
   1.4000000e+01   2.7800000e+03   1.9414000e+04   1.1800000e+02   8.7019618e-01   4.7330042e+03
   0.0000000e+00   2.7940000e+03   1.9532000e+04   0.0000000e+00   8.7485443e-01   4.8163108e+03
   1.5400000e+02   2.6400000e+03   1.9137000e+04   3.9500000e+02   8.6405984e-01   4.8749571e+03
   7.8000000e+01   2.7160000e+03   1.9276000e+04   2.5600000e+02   8.6688166e-01   4.8114219e+03
   8.2000000e+01   2.7120000e+03   1.9304000e+04   2.2800000e+02   8.6831497e-01   4.7507149e+03
   8.7000000e+01   2.7070000e+03   1.9300000e+04   2.3200000e+02   8.6835976e-01   4.8283152e+03
   5.4000000e+01   2.7400000e+03   1.9309000e+04   2.2300000e+02   8.6728478e-01   4.7531177e+03
   2.3000000e+01   2.7710000e+03   1.9380000e+04   1.5200000e+02   8.6907641e-01   4.7431016e+03
   2.1000000e+01   2.7730000e+03   1.9396000e+04   1.3600000e+02   8.6970348e-01   4.7690387e+03
   1.9000000e+01   2.7750000e+03   1.9432000e+04   1.0000000e+02   8.7122637e-01   4.8145770e+03
   1.1000000e+01   2.7830000e+03   1.9449000e+04   8.3000000e+01   8.7162949e-01   4.7245060e+03
   2.6000000e+01   2.7680000e+03   1.9395000e+04   1.3700000e+02   8.6988265e-01   4.7861120e+03
   1.8000000e+01   2.7760000e+03   1.9414000e+04   1.1800000e+02   8.7037535e-01   4.7270614e+03
   5.7000000e+01   2.7370000e+03   1.9339000e+04   1.9300000e+02   8.6876288e-01   4.7920608e+03
   2.6000000e+01   2.7680000e+03   1.9413000e+04   1.1900000e+02   8.7068888e-01   4.7731956e+03
   9.3000000e+01   2.7010000e+03   1.9277000e+04   2.5500000e+02   8.6759832e-01   4.8501643e+03
   8.7000000e+01   2.7070000e+03   1.9289000e+04   2.4300000e+02   8.6786706e-01   4.8230396e+03
   8.0000000e+00   2.7860000e+03   1.9451000e+04   8.1000000e+01   8.7158470e-01   4.7383179e+03
   1.8000000e+01   2.7760000e+03   1.9490000e+04   4.2000000e+01   8.7377945e-01   4.8158463e+03
   4.0000000e+01   2.7540000e+03   1.9364000e+04   1.6800000e+02   8.6912120e-01   4.7243704e+03
   6.0000000e+00   2.7880000e+03   1.9520000e+04   1.2000000e+01   8.7458568e-01   4.8386702e+03
   1.0200000e+02   2.6920000e+03   1.9214000e+04   3.1800000e+02   8.6517961e-01   4.8484517e+03
   5.8000000e+01   2.7360000e+03   1.9351000e+04   1.8100000e+02   8.6934516e-01   4.9140358e+03
   4.4000000e+01   2.7500000e+03   1.9332000e+04   2.0000000e+02   8.6786706e-01   4.7672050e+03
   0.0000000e+00   2.7940000e+03   1.9532000e+04   0.0000000e+00   8.7485443e-01   4.7618087e+03
   1.4000000e+01   2.7800000e+03   1.9498000e+04   3.4000000e+01   8.7395861e-01   4.7340831e+03
   4.6000000e+01   2.7480000e+03   1.9355000e+04   1.7700000e+02   8.6898683e-01   4.7304490e+03
   1.0000000e+00   2.7930000e+03   1.9465000e+04   6.7000000e+01   8.7189824e-01   4.7331711e+03
   3.5000000e+01   2.7590000e+03   1.9373000e+04   1.5900000e+02   8.6930037e-01   4.7704791e+03
   9.2000000e+01   2.7020000e+03   1.9239000e+04   2.9300000e+02   8.6585147e-01   4.8665357e+03
   2.9000000e+01   2.7650000e+03   1.9376000e+04   1.5600000e+02   8.6916599e-01   4.7224574e+03
   4.0000000e+00   2.7900000e+03   1.9455000e+04   7.7000000e+01   8.7158470e-01   4.6939217e+03
   4.1000000e+01   2.7530000e+03   1.9354000e+04   1.7800000e+02   8.6871809e-01   4.7463382e+03
   1.0200000e+02   2.6920000e+03   1.9208000e+04   3.2400000e+02   8.6491087e-01   4.8173554e+03
   2.2000000e+01   2.7720000e+03   1.9409000e+04   1.2300000e+02   8.7033056e-01   4.7889449e+03
   5.3000000e+01   2.7410000e+03   1.9332000e+04   2.0000000e+02   8.6827018e-01   4.7225791e+03
   3.9000000e+01   2.7550000e+03   1.9347000e+04   1.8500000e+02   8.6831497e-01   4.7519875e+03
   9.8000000e+01   2.6960000e+03   1.9224000e+04   3.0800000e+02   8.6544836e-01   4.8162915e+03
   4.0000000e+00   2.7900000e+03   1.9518000e+04   1.4000000e+01   8.7440652e-01   4.7718813e+03
   1.6000000e+01   2.7780000e+03   1.9390000e+04   1.4200000e+02   8.6921079e-01   4.7154905e+03
   1.2000000e+01   2.7820000e+03   1.9426000e+04   1.0600000e+02   8.7064409e-01   4.7231862e+03
   3.2000000e+01   2.7620000e+03   1.9390000e+04   1.4200000e+02   8.6992744e-01   4.7639050e+03
   5.3000000e+01   2.7410000e+03   1.9342000e+04   1.9000000e+02   8.6871809e-01   4.7247892e+03
   0.0000000e+00   2.7940000e+03   1.9494000e+04   3.8000000e+01   8.7315238e-01   4.7259307e+03
   7.8000000e+01   2.7160000e+03   1.9272000e+04   2.6000000e+02   8.6670250e-01   4.8184659e+03
   6.1000000e+01   2.7330000e+03   1.9304000e+04   2.2800000e+02   8.6737436e-01   4.7899011e+03
   0.0000000e+00   2.7940000e+03   1.9524000e+04   8.0000000e+00   8.7449610e-01   4.7146533e+03
   6.6000000e+01   2.7280000e+03   1.9348000e+04   1.8400000e+02   8.6956911e-01   4.8666657e+03
   5.6000000e+01   2.7380000e+03   1.9332000e+04   2.0000000e+02   8.6840455e-01   4.7357646e+03
   7.5000000e+01   2.7190000e+03   1.9276000e+04   2.5600000e+02   8.6674729e-01   4.7885406e+03
   2.5000000e+01   2.7690000e+03   1.9476000e+04   5.6000000e+01   8.7346591e-01   4.9136294e+03
   2.7000000e+01   2.7670000e+03   1.9375000e+04   1.5700000e+02   8.6903162e-01   4.8082656e+03
   2.7000000e+01   2.7670000e+03   1.9402000e+04   1.3000000e+02   8.7024097e-01   4.7987703e+03
   3.0000000e+00   2.7910000e+03   1.9527000e+04   5.0000000e+00   8.7476485e-01   4.8862961e+03
   2.6000000e+01   2.7680000e+03   1.9393000e+04   1.3900000e+02   8.6979307e-01   4.7051169e+03
   6.7000000e+01   2.7270000e+03   1.9313000e+04   2.1900000e+02   8.6804622e-01   4.7627923e+03
   6.0000000e+00   2.7880000e+03   1.9440000e+04   9.2000000e+01   8.7100242e-01   4.7133028e+03
   0.0000000e+00   2.7940000e+03   1.9500000e+04   3.2000000e+01   8.7342112e-01   4.7331637e+03
   7.0000000e+00   2.7870000e+03   1.9518000e+04   1.4000000e+01   8.7454089e-01   4.7779501e+03
   2.4000000e+01   2.7700000e+03   1.9390000e+04   1.4200000e+02   8.6956911e-01   4.7460729e+03
