   0.0000000e+00   2.7940000e+03   1.9520000e+04   1.2000000e+01   8.7431694e-01   4.7599219e+03
   0.0000000e+00   2.7940000e+03   1.9529000e+04   3.0000000e+00   8.7472006e-01   4.7582449e+03
   0.0000000e+00   2.7940000e+03   1.9532000e+04   0.0000000e+00   8.7485443e-01   4.8067236e+03
   0.0000000e+00   2.7940000e+03   1.9532000e+04   0.0000000e+00   8.7485443e-01   4.7985584e+03
   0.0000000e+00   2.7940000e+03   1.9532000e+04   0.0000000e+00   8.7485443e-01   4.9201390e+03
   0.0000000e+00   2.7940000e+03   1.9532000e+04   0.0000000e+00   8.7485443e-01   4.8388717e+03
   0.0000000e+00   2.7940000e+03   1.9532000e+04   0.0000000e+00   8.7485443e-01   4.8335289e+03
   0.0000000e+00   2.7940000e+03   1.9532000e+04   0.0000000e+00   8.7485443e-01   4.8916263e+03
   0.0000000e+00   2.7940000e+03   1.9532000e+04   0.0000000e+00   8.7485443e-01   4.8500982e+03
   0.0000000e+00   2.7940000e+03   1.9532000e+04   0.0000000e+00   8.7485443e-01   4.8636769e+03
   0.0000000e+00   2.7940000e+03   1.9532000e+04   0.0000000e+00   8.7485443e-01   4.7382445e+03
   0.0000000e+00   2.7940000e+03   1.9532000e+04   0.0000000e+00   8.7485443e-01   4.7995962e+03
   0.0000000e+00   2.7940000e+03   1.9532000e+04   0.0000000e+00   8.7485443e-01   4.8477143e+03
   0.0000000e+00   2.7940000e+03   1.9532000e+04   0.0000000e+00   8.7485443e-01   4.8190469e+03
   0.0000000e+00   2.7940000e+03   1.9532000e+04   0.0000000e+00   8.7485443e-01   4.9120080e+03
   0.0000000e+00   2.7940000e+03   1.9532000e+04   0.0000000e+00   8.7485443e-01   4.8123158e+03
   0.0000000e+00   2.7940000e+03   1.9532000e+04   0.0000000e+00   8.7485443e-01   4.8536997e+03
   0.0000000e+00   2.7940000e+03   1.9532000e+04   0.0000000e+00   8.7485443e-01   4.9332782e+03
   0.0000000e+00   2.7940000e+03   1.9532000e+04   0.0000000e+00   8.7485443e-01   4.8221584e+03
   0.0000000e+00   2.7940000e+03   1.9532000e+04   0.0000000e+00   8.7485443e-01   4.8469925e+03
   3.0000000e+00   2.7910000e+03   1.9526000e+04   6.0000000e+00   8.7472006e-01   4.8416899e+03
   0.0000000e+00   2.7940000e+03   1.9532000e+04   0.0000000e+00   8.7485443e-01   4.7820084e+03
   0.0000000e+00   2.7940000e+03   1.9532000e+04   0.0000000e+00   8.7485443e-01   4.7564873e+03
   0.0000000e+00   2.7940000e+03   1.9532000e+04   0.0000000e+00   8.7485443e-01   4.8557796e+03
   0.0000000e+00   2.7940000e+03   1.9532000e+04   0.0000000e+00   8.7485443e-01   4.8384893e+03
   0.0000000e+00   2.7940000e+03   1.9524000e+04   8.0000000e+00   8.7449610e-01   4.7230594e+03
   0.0000000e+00   2.7940000e+03   1.9532000e+04   0.0000000e+00   8.7485443e-01   4.7944166e+03
   0.0000000e+00   2.7940000e+03   1.9532000e+04   0.0000000e+00   8.7485443e-01   4.8377091e+03
   0.0000000e+00   2.7940000e+03   1.9532000e+04   0.0000000e+00   8.7485443e-01   4.8559633e+03
   0.0000000e+00   2.7940000e+03   1.9532000e+04   0.0000000e+00   8.7485443e-01   4.8107585e+03
   0.0000000e+00   2.7940000e+03   1.9532000e+04   0.0000000e+00   8.7485443e-01   4.9147098e+03
   0.0000000e+00   2.7940000e+03   1.9532000e+04   0.0000000e+00   8.7485443e-01   4.8359190e+03
   0.0000000e+00   2.7940000e+03   1.9532000e+04   0.0000000e+00   8.7485443e-01   4.8222128e+03
   0.0000000e+00   2.7940000e+03   1.9532000e+04   0.0000000e+00   8.7485443e-01   4.8226125e+03
   3.0000000e+00   2.7910000e+03   1.9519000e+04   1.3000000e+01   8.7440652e-01   4.7901013e+03
   5.0000000e+00   2.7890000e+03   1.9497000e+04   3.5000000e+01   8.7351071e-01   4.7777092e+03
   0.0000000e+00   2.7940000e+03   1.9532000e+04   0.0000000e+00   8.7485443e-01   4.9092884e+03
   0.0000000e+00   2.7940000e+03   1.9532000e+04   0.0000000e+00   8.7485443e-01   4.8399115e+03
   2.1000000e+01   2.7730000e+03   1.9469000e+04   6.3000000e+01   8.7297322e-01   4.8207911e+03
   0.0000000e+00   2.7940000e+03   1.9532000e+04   0.0000000e+00   8.7485443e-01   4.8053915e+03
   0.0000000e+00   2.7940000e+03   1.9532000e+04   0.0000000e+00   8.7485443e-01   4.8127632e+03
   0.0000000e+00   2.7940000e+03   1.9532000e+04   0.0000000e+00   8.7485443e-01   4.9196192e+03
   0.0000000e+00   2.7940000e+03   1.9532000e+04   0.0000000e+00   8.7485443e-01   4.8138134e+03
   0.0000000e+00   2.7940000e+03   1.9532000e+04   0.0000000e+00   8.7485443e-01   4.8529870e+03
   0.0000000e+00   2.7940000e+03   1.9532000e+04   0.0000000e+00   8.7485443e-01   4.8124665e+03
   2.0000000e+00   2.7920000e+03   1.9531000e+04   1.0000000e+00   8.7489922e-01   4.8140746e+03
   0.0000000e+00   2.7940000e+03   1.9532000e+04   0.0000000e+00   8.7485443e-01   4.9671560e+03
   0.0000000e+00   2.7940000e+03   1.9531000e+04   1.0000000e+00   8.7480964e-01   4.7925725e+03
   0.0000000e+00   2.7940000e+03   1.9532000e+04   0.0000000e+00   8.7485443e-01   4.8085556e+03
   0.0000000e+00   2.7940000e+03   1.9532000e+04   0.0000000e+00   8.7485443e-01   4.7471138e+03
   2.0000000e+00   2.7920000e+03   1.9532000e+04   0.0000000e+00   8.7494401e-01   4.8246320e+03
   0.0000000e+00   2.7940000e+03   1.9532000e+04   0.0000000e+00   8.7485443e-01   4.8290180e+03
   0.0000000e+00   2.7940000e+03   1.9532000e+04   0.0000000e+00   8.7485443e-01   4.8291534e+03
   0.0000000e+00   2.7940000e+03   1.9532000e+04   0.0000000e+00   8.7485443e-01   4.7809017e+03
   0.0000000e+00   2.7940000e+03   1.9532000e+04   0.0000000e+00   8.7485443e-01   4.7373716e+03
   0.0000000e+00   2.7940000e+03   1.9532000e+04   0.0000000e+00   8.7485443e-01   4.8345229e+03
   0.0000000e+00   2.7940000e+03   1.9532000e+04   0.0000000e+00   8.7485443e-01   4.7853429e+03
   0.0000000e+00   2.7940000e+03   1.9532000e+04   0.0000000e+00   8.7485443e-01   4.7527766e+03
   0.0000000e+00   2.7940000e+03   1.9532000e+04   0.0000000e+00   8.7485443e-01   4.8231131e+03
   0.0000000e+00   2.7940000e+03   1.9532000e+04   0.0000000e+00   8.7485443e-01   4.8114092e+03
   0.0000000e+00   2.7940000e+03   1.9532000e+04   0.0000000e+00   8.7485443e-01   4.7864789e+03
   0.0000000e+00   2.7940000e+03   1.9532000e+04   0.0000000e+00   8.7485443e-01   4.7859338e+03
   0.0000000e+00   2.7940000e+03   1.9532000e+04   0.0000000e+00   8.7485443e-01   4.8254918e+03
   0.0000000e+00   2.7940000e+03   1.9532000e+04   0.0000000e+00   8.7485443e-01   4.8036261e+03
   0.0000000e+00   2.7940000e+03   1.9532000e+04   0.0000000e+00   8.7485443e-01   4.8009614e+03
   0.0000000e+00   2.7940000e+03   1.9532000e+04   0.0000000e+00   8.7485443e-01   4.8232866e+03
   5.0000000e+00   2.7890000e+03   1.9524000e+04   8.0000000e+00   8.7472006e-01   4.8506487e+03
   0.0000000e+00   2.7940000e+03   1.9532000e+04   0.0000000e+00   8.7485443e-01   4.8199259e+03
   0.0000000e+00   2.7940000e+03   1.9532000e+04   0.0000000e+00   8.7485443e-01   4.8223239e+03
   0.0000000e+00   2.7940000e+03   1.9532000e+04   0.0000000e+00   8.7485443e-01   4.8880423e+03
   0.0000000e+00   2.7940000e+03   1.9532000e+04   0.0000000e+00   8.7485443e-01   4.8577436e+03
   0.0000000e+00   2.7940000e+03   1.9532000e+04   0.0000000e+00   8.7485443e-01   4.9093597e+03
   0.0000000e+00   2.7940000e+03   1.9532000e+04   0.0000000e+00   8.7485443e-01   4.7836122e+03
   0.0000000e+00   2.7940000e+03   1.9532000e+04   0.0000000e+00   8.7485443e-01   4.8007407e+03
   0.0000000e+00   2.7940000e+03   1.9532000e+04   0.0000000e+00   8.7485443e-01   4.7834835e+03
   0.0000000e+00   2.7940000e+03   1.9532000e+04   0.0000000e+00   8.7485443e-01   4.8228094e+03
   0.0000000e+00   2.7940000e+03   1.9532000e+04   0.0000000e+00   8.7485443e-01   4.7802472e+03
   0.0000000e+00   2.7940000e+03   1.9532000e+04   0.0000000e+00   8.7485443e-01   4.8006166e+03
   0.0000000e+00   2.7940000e+03   1.9532000e+04   0.0000000e+00   8.7485443e-01   4.7750456e+03
   0.0000000e+00   2.7940000e+03   1.9532000e+04   0.0000000e+00   8.7485443e-01   4.8202420e+03
   0.0000000e+00   2.7940000e+03   1.9532000e+04   0.0000000e+00   8.7485443e-01   4.8250152e+03
   0.0000000e+00   2.7940000e+03   1.9532000e+04   0.0000000e+00   8.7485443e-01   4.8699197e+03
   0.0000000e+00   2.7940000e+03   1.9532000e+04   0.0000000e+00   8.7485443e-01   4.8592881e+03
   0.0000000e+00   2.7940000e+03   1.9532000e+04   0.0000000e+00   8.7485443e-01   4.9993450e+03
   0.0000000e+00   2.7940000e+03   1.9532000e+04   0.0000000e+00   8.7485443e-01   4.7951644e+03
   0.0000000e+00   2.7940000e+03   1.9532000e+04   0.0000000e+00   8.7485443e-01   4.7594242e+03
   0.0000000e+00   2.7940000e+03   1.9532000e+04   0.0000000e+00   8.7485443e-01   4.8068073e+03
   2.0000000e+00   2.7920000e+03   1.9531000e+04   1.0000000e+00   8.7489922e-01   4.8470498e+03
   0.0000000e+00   2.7940000e+03   1.9532000e+04   0.0000000e+00   8.7485443e-01   4.8349280e+03
   0.0000000e+00   2.7940000e+03   1.9522000e+04   1.0000000e+01   8.7440652e-01   4.6986656e+03
   0.0000000e+00   2.7940000e+03   1.9520000e+04   1.2000000e+01   8.7431694e-01   4.7260166e+03
   0.0000000e+00   2.7940000e+03   1.9532000e+04   0.0000000e+00   8.7485443e-01   4.8419653e+03
   5.0000000e+00   2.7890000e+03   1.9507000e+04   2.5000000e+01   8.7395861e-01   4.8233177e+03
   2.3000000e+01   2.7710000e+03   1.9452000e+04   8.0000000e+01   8.7230135e-01   4.7996777e+03
   0.0000000e+00   2.7940000e+03   1.9532000e+04   0.0000000e+00   8.7485443e-01   4.8080577e+03
   5.0000000e+00   2.7890000e+03   1.9523000e+04   9.0000000e+00   8.7467527e-01   4.8444313e+03
   0.0000000e+00   2.7940000e+03   1.9532000e+04   0.0000000e+00   8.7485443e-01   4.7939281e+03
   0.0000000e+00   2.7940000e+03   1.9532000e+04   0.0000000e+00   8.7485443e-01   4.8627396e+03
   2.0000000e+00   2.7920000e+03   1.9530000e+04   2.0000000e+00   8.7485443e-01   4.8036049e+03
   0.0000000e+00   2.7940000e+03   1.9532000e+04   0.0000000e+00   8.7485443e-01   4.7504695e+03
