   0.0000000e+00   2.7940000e+03   1.9532000e+04   0.0000000e+00   8.7485443e-01   5.1406682e+03
   0.0000000e+00   2.7940000e+03   1.9532000e+04   0.0000000e+00   8.7485443e-01   5.0051567e+03
   0.0000000e+00   2.7940000e+03   1.9532000e+04   0.0000000e+00   8.7485443e-01   5.0386103e+03
   0.0000000e+00   2.7940000e+03   1.9532000e+04   0.0000000e+00   8.7485443e-01   5.0370644e+03
   0.0000000e+00   2.7940000e+03   1.9532000e+04   0.0000000e+00   8.7485443e-01   4.9982390e+03
   0.0000000e+00   2.7940000e+03   1.9532000e+04   0.0000000e+00   8.7485443e-01   5.0550947e+03
   0.0000000e+00   2.7940000e+03   1.9532000e+04   0.0000000e+00   8.7485443e-01   4.9971425e+03
   0.0000000e+00   2.7940000e+03   1.9532000e+04   0.0000000e+00   8.7485443e-01   4.9928917e+03
   0.0000000e+00   2.7940000e+03   1.9532000e+04   0.0000000e+00   8.7485443e-01   5.0032604e+03
   0.0000000e+00   2.7940000e+03   1.9532000e+04   0.0000000e+00   8.7485443e-01   4.9783821e+03
   0.0000000e+00   2.7940000e+03   1.9532000e+04   0.0000000e+00   8.7485443e-01   5.0508228e+03
   0.0000000e+00   2.7940000e+03   1.9532000e+04   0.0000000e+00   8.7485443e-01   4.9909368e+03
   0.0000000e+00   2.7940000e+03   1.9532000e+04   0.0000000e+00   8.7485443e-01   5.0374372e+03
   0.0000000e+00   2.7940000e+03   1.9532000e+04   0.0000000e+00   8.7485443e-01   5.0742970e+03
   0.0000000e+00   2.7940000e+03   1.9532000e+04   0.0000000e+00   8.7485443e-01   5.0439542e+03
   0.0000000e+00   2.7940000e+03   1.9532000e+04   0.0000000e+00   8.7485443e-01   5.0213526e+03
   0.0000000e+00   2.7940000e+03   1.9532000e+04   0.0000000e+00   8.7485443e-01   5.0166013e+03
   0.0000000e+00   2.7940000e+03   1.9532000e+04   0.0000000e+00   8.7485443e-01   5.0647315e+03
   0.0000000e+00   2.7940000e+03   1.9532000e+04   0.0000000e+00   8.7485443e-01   5.0547163e+03
   0.0000000e+00   2.7940000e+03   1.9532000e+04   0.0000000e+00   8.7485443e-01   5.0497600e+03
   0.0000000e+00   2.7940000e+03   1.9532000e+04   0.0000000e+00   8.7485443e-01   4.9988507e+03
   0.0000000e+00   2.7940000e+03   1.9532000e+04   0.0000000e+00   8.7485443e-01   5.0144401e+03
   0.0000000e+00   2.7940000e+03   1.9532000e+04   0.0000000e+00   8.7485443e-01   5.0824129e+03
   0.0000000e+00   2.7940000e+03   1.9532000e+04   0.0000000e+00   8.7485443e-01   5.0658526e+03
   0.0000000e+00   2.7940000e+03   1.9532000e+04   0.0000000e+00   8.7485443e-01   5.0637779e+03
   0.0000000e+00   2.7940000e+03   1.9532000e+04   0.0000000e+00   8.7485443e-01   5.0082268e+03
   0.0000000e+00   2.7940000e+03   1.9532000e+04   0.0000000e+00   8.7485443e-01   5.0945346e+03
   0.0000000e+00   2.7940000e+03   1.9532000e+04   0.0000000e+00   8.7485443e-01   5.0438656e+03
   0.0000000e+00   2.7940000e+03   1.9532000e+04   0.0000000e+00   8.7485443e-01   5.0107278e+03
   0.0000000e+00   2.7940000e+03   1.9532000e+04   0.0000000e+00   8.7485443e-01   5.0667732e+03
   0.0000000e+00   2.7940000e+03   1.9532000e+04   0.0000000e+00   8.7485443e-01   5.0577590e+03
   0.0000000e+00   2.7940000e+03   1.9532000e+04   0.0000000e+00   8.7485443e-01   4.9714196e+03
   0.0000000e+00   2.7940000e+03   1.9532000e+04   0.0000000e+00   8.7485443e-01   4.9777624e+03
   0.0000000e+00   2.7940000e+03   1.9532000e+04   0.0000000e+00   8.7485443e-01   5.0459965e+03
   0.0000000e+00   2.7940000e+03   1.9532000e+04   0.0000000e+00   8.7485443e-01   5.0920938e+03
   0.0000000e+00   2.7940000e+03   1.9532000e+04   0.0000000e+00   8.7485443e-01   5.0377392e+03
   0.0000000e+00   2.7940000e+03   1.9532000e+04   0.0000000e+00   8.7485443e-01   4.9800673e+03
   0.0000000e+00   2.7940000e+03   1.9532000e+04   0.0000000e+00   8.7485443e-01   4.9844895e+03
   0.0000000e+00   2.7940000e+03   1.9532000e+04   0.0000000e+00   8.7485443e-01   5.0607585e+03
   0.0000000e+00   2.7940000e+03   1.9532000e+04   0.0000000e+00   8.7485443e-01   5.0744134e+03
   0.0000000e+00   2.7940000e+03   1.9532000e+04   0.0000000e+00   8.7485443e-01   5.0792439e+03
   0.0000000e+00   2.7940000e+03   1.9532000e+04   0.0000000e+00   8.7485443e-01   4.9742838e+03
   0.0000000e+00   2.7940000e+03   1.9532000e+04   0.0000000e+00   8.7485443e-01   5.0124931e+03
   0.0000000e+00   2.7940000e+03   1.9532000e+04   0.0000000e+00   8.7485443e-01   5.0138494e+03
   0.0000000e+00   2.7940000e+03   1.9532000e+04   0.0000000e+00   8.7485443e-01   5.0441746e+03
   0.0000000e+00   2.7940000e+03   1.9532000e+04   0.0000000e+00   8.7485443e-01   5.0631017e+03
   0.0000000e+00   2.7940000e+03   1.9532000e+04   0.0000000e+00   8.7485443e-01   5.0500998e+03
   0.0000000e+00   2.7940000e+03   1.9532000e+04   0.0000000e+00   8.7485443e-01   5.0386539e+03
   0.0000000e+00   2.7940000e+03   1.9532000e+04   0.0000000e+00   8.7485443e-01   4.9932343e+03
   0.0000000e+00   2.7940000e+03   1.9532000e+04   0.0000000e+00   8.7485443e-01   5.0679990e+03
   0.0000000e+00   2.7940000e+03   1.9532000e+04   0.0000000e+00   8.7485443e-01   5.0269289e+03
   0.0000000e+00   2.7940000e+03   1.9532000e+04   0.0000000e+00   8.7485443e-01   5.0592015e+03
   0.0000000e+00   2.7940000e+03   1.9532000e+04   0.0000000e+00   8.7485443e-01   5.0006512e+03
   0.0000000e+00   2.7940000e+03   1.9532000e+04   0.0000000e+00   8.7485443e-01   4.9925849e+03
   0.0000000e+00   2.7940000e+03   1.9532000e+04   0.0000000e+00   8.7485443e-01   4.9987982e+03
   0.0000000e+00   2.7940000e+03   1.9532000e+04   0.0000000e+00   8.7485443e-01   4.9592408e+03
   0.0000000e+00   2.7940000e+03   1.9532000e+04   0.0000000e+00   8.7485443e-01   5.0469438e+03
   0.0000000e+00   2.7940000e+03   1.9532000e+04   0.0000000e+00   8.7485443e-01   4.9763026e+03
   0.0000000e+00   2.7940000e+03   1.9532000e+04   0.0000000e+00   8.7485443e-01   5.0741355e+03
   0.0000000e+00   2.7940000e+03   1.9532000e+04   0.0000000e+00   8.7485443e-01   4.9843551e+03
   0.0000000e+00   2.7940000e+03   1.9532000e+04   0.0000000e+00   8.7485443e-01   5.1569904e+03
   0.0000000e+00   2.7940000e+03   1.9532000e+04   0.0000000e+00   8.7485443e-01   4.9820645e+03
   0.0000000e+00   2.7940000e+03   1.9532000e+04   0.0000000e+00   8.7485443e-01   5.0861383e+03
   0.0000000e+00   2.7940000e+03   1.9532000e+04   0.0000000e+00   8.7485443e-01   5.0838921e+03
   0.0000000e+00   2.7940000e+03   1.9532000e+04   0.0000000e+00   8.7485443e-01   4.9943620e+03
   0.0000000e+00   2.7940000e+03   1.9532000e+04   0.0000000e+00   8.7485443e-01   4.9922084e+03
   0.0000000e+00   2.7940000e+03   1.9532000e+04   0.0000000e+00   8.7485443e-01   5.0966218e+03
   0.0000000e+00   2.7940000e+03   1.9532000e+04   0.0000000e+00   8.7485443e-01   5.1798632e+03
   0.0000000e+00   2.7940000e+03   1.9532000e+04   0.0000000e+00   8.7485443e-01   5.1594831e+03
   0.0000000e+00   2.7940000e+03   1.9532000e+04   0.0000000e+00   8.7485443e-01   5.0178604e+03
   0.0000000e+00   2.7940000e+03   1.9532000e+04   0.0000000e+00   8.7485443e-01   5.0166368e+03
   0.0000000e+00   2.7940000e+03   1.9532000e+04   0.0000000e+00   8.7485443e-01   5.0171162e+03
   0.0000000e+00   2.7940000e+03   1.9532000e+04   0.0000000e+00   8.7485443e-01   5.0084947e+03
   0.0000000e+00   2.7940000e+03   1.9532000e+04   0.0000000e+00   8.7485443e-01   5.0461782e+03
   0.0000000e+00   2.7940000e+03   1.9532000e+04   0.0000000e+00   8.7485443e-01   5.0436708e+03
   0.0000000e+00   2.7940000e+03   1.9532000e+04   0.0000000e+00   8.7485443e-01   4.9992015e+03
   0.0000000e+00   2.7940000e+03   1.9532000e+04   0.0000000e+00   8.7485443e-01   5.0322252e+03
   0.0000000e+00   2.7940000e+03   1.9532000e+04   0.0000000e+00   8.7485443e-01   5.0243658e+03
   0.0000000e+00   2.7940000e+03   1.9532000e+04   0.0000000e+00   8.7485443e-01   4.9978434e+03
   0.0000000e+00   2.7940000e+03   1.9532000e+04   0.0000000e+00   8.7485443e-01   4.9871068e+03
   0.0000000e+00   2.7940000e+03   1.9532000e+04   0.0000000e+00   8.7485443e-01   4.9851565e+03
   0.0000000e+00   2.7940000e+03   1.9532000e+04   0.0000000e+00   8.7485443e-01   4.9894866e+03
   0.0000000e+00   2.7940000e+03   1.9532000e+04   0.0000000e+00   8.7485443e-01   5.0809492e+03
   0.0000000e+00   2.7940000e+03   1.9532000e+04   0.0000000e+00   8.7485443e-01   5.0660262e+03
   0.0000000e+00   2.7940000e+03   1.9532000e+04   0.0000000e+00   8.7485443e-01   5.0259389e+03
   0.0000000e+00   2.7940000e+03   1.9532000e+04   0.0000000e+00   8.7485443e-01   5.0414291e+03
   0.0000000e+00   2.7940000e+03   1.9532000e+04   0.0000000e+00   8.7485443e-01   5.0280183e+03
   0.0000000e+00   2.7940000e+03   1.9532000e+04   0.0000000e+00   8.7485443e-01   4.9947626e+03
   0.0000000e+00   2.7940000e+03   1.9532000e+04   0.0000000e+00   8.7485443e-01   5.0301333e+03
   0.0000000e+00   2.7940000e+03   1.9532000e+04   0.0000000e+00   8.7485443e-01   5.0212418e+03
   0.0000000e+00   2.7940000e+03   1.9532000e+04   0.0000000e+00   8.7485443e-01   4.9979178e+03
   0.0000000e+00   2.7940000e+03   1.9532000e+04   0.0000000e+00   8.7485443e-01   4.9546156e+03
   0.0000000e+00   2.7940000e+03   1.9532000e+04   0.0000000e+00   8.7485443e-01   5.0776873e+03
   0.0000000e+00   2.7940000e+03   1.9532000e+04   0.0000000e+00   8.7485443e-01   4.9779994e+03
   0.0000000e+00   2.7940000e+03   1.9532000e+04   0.0000000e+00   8.7485443e-01   5.0655200e+03
   0.0000000e+00   2.7940000e+03   1.9532000e+04   0.0000000e+00   8.7485443e-01   5.1091801e+03
   0.0000000e+00   2.7940000e+03   1.9532000e+04   0.0000000e+00   8.7485443e-01   5.0682886e+03
   0.0000000e+00   2.7940000e+03   1.9532000e+04   0.0000000e+00   8.7485443e-01   5.0180635e+03
   0.0000000e+00   2.7940000e+03   1.9532000e+04   0.0000000e+00   8.7485443e-01   5.0592251e+03
   0.0000000e+00   2.7940000e+03   1.9532000e+04   0.0000000e+00   8.7485443e-01   5.0019569e+03
