   1.9010000e+03   8.9300000e+02   1.0935000e+04   8.5970000e+03   5.7493505e-01   1.0742502e+04
   1.7520000e+03   1.0420000e+03   1.1936000e+04   7.5960000e+03   6.1309684e-01   1.0097201e+04
   2.1260000e+03   6.6800000e+02   9.0340000e+03   1.0498000e+04   4.9986563e-01   1.1178159e+04
   1.9230000e+03   8.7100000e+02   1.0541000e+04   8.9910000e+03   5.5827287e-01   1.0718950e+04
   1.6640000e+03   1.1300000e+03   1.2668000e+04   6.8640000e+03   6.4194213e-01   1.0648124e+04
   1.9910000e+03   8.0300000e+02   1.0247000e+04   9.2850000e+03   5.4815014e-01   1.1225548e+04
   2.2260000e+03   5.6800000e+02   8.4140000e+03   1.1118000e+04   4.7657440e-01   1.1193029e+04
   1.9940000e+03   8.0000000e+02   1.0397000e+04   9.1350000e+03   5.5500314e-01   1.1165422e+04
   1.7910000e+03   1.0030000e+03   1.1802000e+04   7.7300000e+03   6.0884171e-01   1.0354344e+04
   1.7890000e+03   1.0050000e+03   1.1668000e+04   7.8640000e+03   6.0275016e-01   1.0391206e+04
   2.1880000e+03   6.0600000e+02   8.3410000e+03   1.1191000e+04   4.7160262e-01   1.1390220e+04
   2.1690000e+03   6.2500000e+02   8.7960000e+03   1.0736000e+04   4.9113142e-01   1.1204383e+04
   1.5930000e+03   1.2010000e+03   1.2789000e+04   6.7430000e+03   6.4418167e-01   1.0319648e+04
   2.1930000e+03   6.0100000e+02   8.5360000e+03   1.0996000e+04   4.8056078e-01   1.1219600e+04
   2.0530000e+03   7.4100000e+02   9.4830000e+03   1.0049000e+04   5.1670698e-01   1.1552533e+04
   1.8650000e+03   9.2900000e+02   1.1230000e+04   8.3020000e+03   5.8653588e-01   1.0887203e+04
   2.0030000e+03   7.9100000e+02   1.0256000e+04   9.2760000e+03   5.4909075e-01   1.1184762e+04
   1.8520000e+03   9.4200000e+02   1.1313000e+04   8.2190000e+03   5.8967124e-01   1.0687512e+04
   1.9820000e+03   8.1200000e+02   1.0248000e+04   9.2840000e+03   5.4779181e-01   1.1212122e+04
   1.9160000e+03   8.7800000e+02   1.0779000e+04   8.7530000e+03   5.6861955e-01   1.0939398e+04
   1.5470000e+03   1.2470000e+03   1.3786000e+04   5.7460000e+03   6.8677775e-01   1.0365490e+04
   1.8400000e+03   9.5400000e+02   1.1331000e+04   8.2010000e+03   5.8993998e-01   1.0399496e+04
   1.8660000e+03   9.2800000e+02   1.1241000e+04   8.2910000e+03   5.8707337e-01   1.0595083e+04
   1.9580000e+03   8.3600000e+02   1.0293000e+04   9.2390000e+03   5.4873242e-01   1.1033696e+04
   1.5830000e+03   1.2110000e+03   1.3144000e+04   6.3880000e+03   6.5963451e-01   1.0166940e+04
   2.0790000e+03   7.1500000e+02   9.4130000e+03   1.0119000e+04   5.1473618e-01   1.0688435e+04
   1.6420000e+03   1.1520000e+03   1.3000000e+04   6.5320000e+03   6.5582729e-01   1.0335136e+04
   1.8760000e+03   9.1800000e+02   1.0925000e+04   8.6070000e+03   5.7336737e-01   1.0592553e+04
   1.8770000e+03   9.1700000e+02   1.1298000e+04   8.2340000e+03   5.9011914e-01   1.0911806e+04
   2.0960000e+03   6.9800000e+02   9.5320000e+03   1.0000000e+04   5.2082773e-01   1.1093351e+04
   1.3150000e+03   1.4790000e+03   1.4603000e+04   4.9290000e+03   7.1298038e-01   9.4675522e+03
   1.9430000e+03   8.5100000e+02   1.0658000e+04   8.8740000e+03   5.6440921e-01   1.1057057e+04
   1.7670000e+03   1.0270000e+03   1.1864000e+04   7.6680000e+03   6.1054376e-01   1.0390244e+04
   2.1150000e+03   6.7900000e+02   9.2860000e+03   1.0246000e+04   5.1066022e-01   1.1423453e+04
   1.6770000e+03   1.1170000e+03   1.2429000e+04   7.1030000e+03   6.3181940e-01   1.0224752e+04
   1.7580000e+03   1.0360000e+03   1.2115000e+04   7.4170000e+03   6.2138314e-01   1.0163816e+04
   1.8800000e+03   9.1400000e+02   1.0958000e+04   8.5740000e+03   5.7502463e-01   1.0518545e+04
   2.0850000e+03   7.0900000e+02   9.7970000e+03   9.7350000e+03   5.3220460e-01   1.1548685e+04
   1.7590000e+03   1.0350000e+03   1.1982000e+04   7.5500000e+03   6.1547075e-01   9.3869384e+03
   2.0990000e+03   6.9500000e+02   9.3630000e+03   1.0169000e+04   5.1339246e-01   1.1008412e+04
   1.9870000e+03   8.0700000e+02   1.0348000e+04   9.1840000e+03   5.5249485e-01   1.1113832e+04
   2.0190000e+03   7.7500000e+02   9.6020000e+03   9.9300000e+03   5.2051420e-01   1.0734910e+04
   1.9750000e+03   8.1900000e+02   1.0389000e+04   9.1430000e+03   5.5379378e-01   1.0938726e+04
   2.1720000e+03   6.2200000e+02   8.8730000e+03   1.0659000e+04   4.9471468e-01   1.1406784e+04
   1.9720000e+03   8.2200000e+02   1.0572000e+04   8.9600000e+03   5.6185613e-01   1.1170552e+04
   1.6730000e+03   1.1210000e+03   1.2451000e+04   7.0810000e+03   6.3262564e-01   1.0225767e+04
   1.6970000e+03   1.0970000e+03   1.2286000e+04   7.2460000e+03   6.2631013e-01   1.0615839e+04
   2.0970000e+03   6.9700000e+02   9.3440000e+03   1.0188000e+04   5.1245185e-01   1.1429624e+04
   2.0840000e+03   7.1000000e+02   9.1380000e+03   1.0394000e+04   5.0264266e-01   1.1323088e+04
   2.3450000e+03   4.4900000e+02   6.7790000e+03   1.2753000e+04   4.0867150e-01   1.1520791e+04
   2.0740000e+03   7.2000000e+02   9.7270000e+03   9.8050000e+03   5.2857655e-01   1.1355339e+04
   1.8930000e+03   9.0100000e+02   1.0994000e+04   8.5380000e+03   5.7721939e-01   1.0468246e+04
   1.9980000e+03   7.9600000e+02   1.0139000e+04   9.3930000e+03   5.4362627e-01   1.1154528e+04
   1.8810000e+03   9.1300000e+02   1.1084000e+04   8.4480000e+03   5.8071307e-01   1.0386714e+04
   2.1030000e+03   6.9100000e+02   9.4180000e+03   1.0114000e+04   5.1603512e-01   1.1655812e+04
   1.9890000e+03   8.0500000e+02   1.0617000e+04   8.9150000e+03   5.6463316e-01   1.1055764e+04
   1.8910000e+03   9.0300000e+02   1.1062000e+04   8.4700000e+03   5.8017558e-01   1.0738201e+04
   2.3300000e+03   4.6400000e+02   7.0800000e+03   1.2452000e+04   4.2148168e-01   1.2033241e+04
   1.8740000e+03   9.2000000e+02   1.1141000e+04   8.3910000e+03   5.8295261e-01   1.0844798e+04
   1.7560000e+03   1.0380000e+03   1.2060000e+04   7.4720000e+03   6.1883006e-01   1.0327791e+04
   2.1400000e+03   6.5400000e+02   8.7150000e+03   1.0817000e+04   4.8620443e-01   1.1622355e+04
   1.9630000e+03   8.3100000e+02   1.0489000e+04   9.0430000e+03   5.5773538e-01   1.0730811e+04
   1.6810000e+03   1.1130000e+03   1.2329000e+04   7.2030000e+03   6.2751948e-01   1.0175540e+04
   1.9240000e+03   8.7000000e+02   1.0916000e+04   8.6160000e+03   5.7511422e-01   1.1000219e+04
   1.6250000e+03   1.1690000e+03   1.2753000e+04   6.7790000e+03   6.4400251e-01   1.0087196e+04
   2.2690000e+03   5.2500000e+02   8.0770000e+03   1.1455000e+04   4.6340589e-01   1.1650852e+04
   1.9530000e+03   8.4100000e+02   1.0160000e+04   9.3720000e+03   5.4255129e-01   1.0774799e+04
   1.5730000e+03   1.2210000e+03   1.3096000e+04   6.4360000e+03   6.5703664e-01   1.0097615e+04
   2.0990000e+03   6.9500000e+02   9.4740000e+03   1.0058000e+04   5.1836424e-01   1.1154108e+04
   2.1200000e+03   6.7400000e+02   9.0760000e+03   1.0456000e+04   5.0147810e-01   1.1228870e+04
   2.0590000e+03   7.3500000e+02   9.7340000e+03   9.7980000e+03   5.2821822e-01   1.1131577e+04
   2.3280000e+03   4.6600000e+02   7.1670000e+03   1.2365000e+04   4.2528890e-01   1.2064368e+04
   1.9340000e+03   8.6000000e+02   1.0787000e+04   8.7450000e+03   5.6978411e-01   1.1142692e+04
   2.1330000e+03   6.6100000e+02   9.0480000e+03   1.0484000e+04   5.0080623e-01   1.0958471e+04
   1.9360000e+03   8.5800000e+02   1.0482000e+04   9.0500000e+03   5.5621249e-01   1.0877248e+04
   2.3730000e+03   4.2100000e+02   6.4170000e+03   1.3115000e+04   3.9371137e-01   1.1486811e+04
   1.4340000e+03   1.3600000e+03   1.3792000e+04   5.7400000e+03   6.8198513e-01   1.0050731e+04
   1.9750000e+03   8.1900000e+02   1.0558000e+04   8.9740000e+03   5.6136343e-01   1.0899473e+04
   1.8430000e+03   9.5100000e+02   1.1080000e+04   8.4520000e+03   5.7883186e-01   1.0264208e+04
   2.1740000e+03   6.2000000e+02   8.7500000e+03   1.0782000e+04   4.8929499e-01   1.1538096e+04
   1.7690000e+03   1.0250000e+03   1.1869000e+04   7.6630000e+03   6.1085730e-01   1.0550760e+04
   1.9440000e+03   8.5000000e+02   1.0870000e+04   8.6620000e+03   5.7394966e-01   1.0901938e+04
   2.1150000e+03   6.7900000e+02   9.4270000e+03   1.0105000e+04   5.1697572e-01   1.1246238e+04
   1.9830000e+03   8.1100000e+02   1.0430000e+04   9.1020000e+03   5.5598853e-01   1.1307066e+04
   1.8330000e+03   9.6100000e+02   1.1358000e+04   8.1740000e+03   5.9083580e-01   1.0602099e+04
   2.0500000e+03   7.4400000e+02   9.6560000e+03   9.8760000e+03   5.2432142e-01   1.1505237e+04
   2.1130000e+03   6.8100000e+02   9.2600000e+03   1.0272000e+04   5.0940607e-01   1.1512087e+04
   1.8660000e+03   9.2800000e+02   1.1145000e+04   8.3870000e+03   5.8277345e-01   1.0872355e+04
   2.1180000e+03   6.7600000e+02   9.3190000e+03   1.0213000e+04   5.1227269e-01   1.1366454e+04
   1.6840000e+03   1.1100000e+03   1.2494000e+04   7.0380000e+03   6.3504434e-01   1.0140654e+04
   1.9540000e+03   8.4000000e+02   1.0772000e+04   8.7600000e+03   5.7000806e-01   1.0929194e+04
   1.8750000e+03   9.1900000e+02   1.1096000e+04   8.4360000e+03   5.8098181e-01   1.0680217e+04
   1.8850000e+03   9.0900000e+02   1.0663000e+04   8.8690000e+03   5.6203530e-01   1.0797488e+04
   2.1980000e+03   5.9600000e+02   8.3390000e+03   1.1193000e+04   4.7196094e-01   1.1111547e+04
   1.6900000e+03   1.1040000e+03   1.2144000e+04   7.3880000e+03   6.1963630e-01   1.0279745e+04
   1.4120000e+03   1.3820000e+03   1.4063000e+04   5.4690000e+03   6.9313805e-01   9.5691313e+03
   2.1480000e+03   6.4600000e+02   9.0400000e+03   1.0492000e+04   5.0111977e-01   1.0435427e+04
   2.0420000e+03   7.5200000e+02   1.0011000e+04   9.5210000e+03   5.3986384e-01   1.1135604e+04
   1.7000000e+03   1.0940000e+03   1.2378000e+04   7.1540000e+03   6.3056526e-01   1.0389280e+04
   2.0800000e+03   7.1400000e+02   9.4960000e+03   1.0036000e+04   5.1849861e-01   1.1319793e+04
