-1795 205
-1795 212
-1795 219
-1795 1304
-1795 1309
-1795 1314
-1795 1314
-1794 199
-1794 225
-1794 1299
-1794 1324
-1793 55
-1793 1292
-1793 1295
-1792 195
-1792 1289
-1792 1332
-1791 57
-1791 229
-1791 1288
-1790 1287
-1789 192
-1787 1337
-1786 51
-1786 231
-1784 191
-1781 59
-1778 190
-1778 232
-1777 1339
-1772 46
-1769 191
-1768 232
-1763 59
-1762 1340
-1758 192
-1753 232
-1750 41
-1740 1338
-1739 193
-1737 57
-1733 230
-1723 191
-1720 35
-1719 1279
-1711 6
-1710 5
-1710 7
-1710 187
-1710 1335
-1707 5
-1707 5
-1707 8
-1704 227
-1703 8
-1702 4
-1699 179
-1698 3
-1698 9
-1692 3
-1692 317
-1691 9
-1691 31
-1691 167
-1691 312
-1691 322
-1690 305
-1689 325
-1688 296
-1686 2
-1686 152
-1686 328
-1685 286
-1682 9
-1682 133
-1682 225
-1682 330
-1681 3
-1680 110
-1680 272
-1680 331
-1678 52
-1677 333
-1675 3
-1675 261
-1675 335
-1674 9
-1674 338
-1673 340
-1673 349
-1673 356
-1672 42
-1672 343
-1672 346
-1672 1330
-1670 364
-1669 3
-1669 254
-1668 9
-1667 27
-1667 221
-1665 61
-1665 63
-1665 68
-1665 76
-1664 4
-1664 86
-1664 374
-1663 8
-1663 97
-1663 250
-1662 60
-1662 111
-1660 5
-1660 125
-1659 8
-1658 6
-1658 7
-1658 141
-1658 215
-1657 59
-1657 249
-1656 384
-1655 169
-1654 1328
-1653 190
-1653 205
-1650 -127
-1650 250
-1649 25
-1649 58
-1647 393
-1645 33
-1645 110
-1644 112
-1643 43
-1642 105
-1642 113
-1642 256
-1639 57
-1639 115
-1638 401
-1636 24
-1636 43
-1636 100
-1635 116
-1634 175
-1634 179
-1634 179
-1634 182
-1634 264
-1634 1325
-1633 29
-1633 172
-1633 185
-1632 169
-1632 187
-1631 167
-1631 188
-1630 42
-1630 165
-1630 190
-1629 24
-1629 117
-1629 406
-1628 26
-1628 163
-1628 190
-1627 55
-1627 272
-1626 96
-1626 162
-1626 190
-1624 41
-1624 162
-1624 189
-1623 117
-1622 408
-1621 162
-1621 187
-1620 39
-1620 277
-1620 409
-1619 163
-1619 185
-1618 164
-1618 183
-1618 410
-1617 -112
-1617 118
-1617 412
-1616 36
-1616 93
-1616 165
-1616 181
-1615 166
-1615 179
-1615 415
-1614 54
-1614 168
-1614 176
-1614 279
-1614 418
-1613 170
-1613 172
-1613 174
-1613 422
-1613 426
-1613 430
-1612 32
-1612 1322
-1611 438
-1610 -109
-1610 28
-1610 117
-1610 278
-1609 222
-1609 227
-1608 219
-1608 235
-1607 23
-1607 219
-1607 274
-1607 343
-1607 444
-1606 245
-1606 339
-1606 347
-1605 220
-1605 258
-1605 267
-1605 336
-1604 91
-1604 352
-1603 15
-1603 333
-1602 117
-1602 224
-1601 -106
-1601 331
-1601 356
-1600 449
-1599 52
-1599 329
-1598 229
-1597 -126
-1597 328
-1596 9
-1596 361
-1595 117
-1595 327
-1594 91
-1594 233
-1593 327
-1593 451
-1591 -103
-1591 236
-1591 328
-1590 215
-1590 328
-1590 365
-1589 212
-1589 217
-1588 117
-1588 220
-1588 327
-1587 4
-1587 92
-1587 239
-1587 325
-1587 1319
-1586 209
-1586 322
-1585 224
-1585 290
-1585 312
-1585 317
-1585 452
-1584 242
-1584 282
-1584 299
-1584 306
-1583 51
-1583 96
-1583 207
-1583 275
-1582 -126
-1582 370
-1581 -100
-1581 118
-1581 227
-1581 270
-1580 205
-1580 244
-1578 100
-1578 166
-1578 166
-1578 168
-1578 202
-1577 1
-1577 167
-1577 172
-1577 266
-1577 449
-1576 177
-1576 198
-1576 232
-1576 246
-1575 119
-1575 169
-1575 182
-1575 194
-1574 186
-1574 190
-1573 -115
-1573 247
-1573 263
-1572 174
-1572 235
-1572 375
-1571 -125
-1571 -97
-1571 445
-1570 -116
-1570 -113
-1570 120
-1569 99
-1569 248
-1568 0
-1568 180
-1568 238
-1567 247
-1567 261
-1566 121
-1566 241
-1566 438
-1565 247
-1565 434
-1564 -125
-1564 243
-1564 245
-1563 -119
-1563 49
-1563 432
-1562 122
-1562 431
-1562 1316
-1561 -111
-1560 -94
-1560 124
-1560 430
-1559 -124
-1559 -121
-1559 259
-1558 -122
-1558 1
-1558 431
-1557 383
-1556 96
-1556 124
-1556 433
-1554 204
-1554 1257
-1553 124
-1553 257
-1553 436
-1551 4
-1550 -92
-1550 439
-1549 123
-1548 254
-1547 -110
-1547 10
-1547 443
-1546 48
-1545 121
-1544 389
-1544 446
-1543 251
-1542 90
-1541 -91
-1541 119
-1540 15
-1540 448
-1539 248
-1537 117
-1537 1314
-1535 243
-1535 393
-1535 449
-1534 114
-1532 48
-1532 239
-1530 110
-1530 234
-1530 449
-1529 82
-1529 228
-1528 -88
-1528 177
-1527 -109
-1527 108
-1527 395
-1526 219
-1524 25
-1524 121
-1524 123
-1524 448
-1523 106
-1523 125
-1522 48
-1522 120
-1522 127
-1522 170
-1521 396
-1520 105
-1520 119
-1520 131
-1519 212
-1518 -86
-1517 74
-1517 104
-1517 119
-1516 135
-1516 163
-1516 446
-1515 105
-1515 119
-1515 396
-1514 49
-1513 106
-1513 118
-1513 140
-1513 158
-1513 1311
-1511 -83
-1511 108
-1511 117
-1511 144
-1511 153
-1511 207
-1510 110
-1510 116
-1510 148
-1509 51
-1509 65
-1509 112
-1509 114
-1509 394
-1507 443
-1506 -80
-1506 54
-1506 58
-1504 -50
-1504 -44
-1504 -39
-1503 -76
-1503 -56
-1503 -34
-1502 -108
-1502 -71
-1502 -64
-1502 -29
-1502 37
-1502 204
-1502 392
-1502 392
-1499 -25
-1499 390
-1498 440
-1497 -22
-1496 388
-1495 130
-1495 346
-1495 348
-1495 351
-1494 -19
-1494 -19
-1494 138
-1494 356
-1494 385
-1493 346
-1493 363
-1492 124
-1492 146
-1492 205
-1492 381
-1491 368
-1491 373
-1491 377
-1490 90
-1490 348
-1490 438
-1490 1308
-1489 86
-1489 154
-1488 94
-1487 351
-1485 122
-1485 160
-1484 -14
-1484 82
-1484 245
-1484 247
-1484 249
-1483 97
-1483 207
-1483 243
-1483 251
-1482 242
-1482 355
-1482 437
-1481 240
-1481 252
-1480 165
-1480 239
-1479 253
-1478 238
-1478 359
-1477 79
-1477 100
-1476 50
-1476 237
-1476 253
-1476 362
-1476 437
-1475 -11
-1475 169
-1475 213
-1474 121
-1474 237
-1473 253
-1473 365
-1472 -108
-1472 237
-1471 368
-1470 221
-1470 236
-1470 252
-1470 371
-1470 379
-1470 438
-1469 -72
-1469 -70
-1469 -68
-1469 101
-1469 224
-1469 234
-1469 374
-1469 376
-1469 378
-1469 381
-1468 -74
-1468 -66
-1468 172
-1468 227
-1468 230
-1468 232
-1468 383
-1467 -76
-1467 -10
-1467 77
-1467 1306
-1466 -65
-1466 251
-1465 -78
-1465 384
-1464 -64
-1464 441
-1463 -80
-1463 386
-1462 173
-1461 -63
-1461 102
-1461 122
-1461 249
-1460 -81
-1460 277
-1460 278
-1459 -11
-1459 274
-1459 278
-1459 388
-1458 -83
-1458 -63
-1458 248
-1458 270
-1457 76
-1457 199
-1457 200
-1457 278
-1457 445
-1456 -84
-1456 201
-1456 265
-1455 -63
-1455 198
-1455 248
-1455 276
-1455 389
-1454 -84
-1454 173
-1454 202
-1454 249
-1454 259
-1453 252
-1453 255
-1452 -64
-1452 102
-1451 -85
-1451 -14
-1451 273
-1451 390
-1451 450
-1451 450
-1450 203
-1449 -84
-1449 -65
-1449 270
-1448 -84
-1448 64
-1448 124
-1448 175
-1448 194
-1447 77
-1446 -83
-1446 -66
-1446 203
-1446 1304
-1445 -18
-1445 268
-1445 392
-1444 -81
-1444 -68
-1444 100
-1444 178
-1444 190
-1443 -80
-1443 -70
-1442 -78
-1442 -76
-1442 -72
-1442 182
-1442 186
-1442 266
-1441 -74
-1441 -74
-1441 99
-1440 204
-1440 392
-1439 -24
-1439 79
-1439 97
-1439 458
-1438 -108
-1438 265
-1437 96
-1436 41
-1436 44
-1436 128
-1436 392
-1435 39
-1435 46
-1435 46
-1435 94
-1435 265
-1434 -33
-1433 37
-1433 82
-1433 92
-1433 204
-1432 90
-1432 390
-1431 50
-1431 86
-1431 86
-1431 88
-1431 264
-1430 35
-1429 -90
-1429 -89
-1429 388
-1428 -91
-1428 -88
-1428 -42
-1428 264
-1427 33
-1427 52
-1427 133
-1427 385
-1427 423
-1426 -92
-1426 -87
-1426 421
-1426 425
-1425 204
-1425 265
-1425 381
-1425 419
-1425 427
-1425 463
-1425 1301
-1424 -93
-1424 -86
-1424 417
-1423 31
-1423 376
-1423 428
-1422 -94
-1422 52
-1422 139
-1422 266
-1422 415
-1421 -86
-1421 76
-1421 371
-1421 429
-1420 413
-1419 -94
-1419 -49
-1419 30
-1419 266
-1419 366
-1418 -85
-1418 146
-1418 205
-1418 412
-1418 430
-1417 52
-1417 364
-1416 -94
-1416 266
-1416 295
-1415 291
-1415 297
-1415 362
-1415 410
-1415 430
-1414 -85
-1414 29
-1414 299
-1413 -94
-1413 151
-1413 266
-1413 286
-1413 409
-1412 50
-1412 207
-1412 282
-1412 361
-1412 430
-1411 265
-1411 300
-1411 409
-1410 -93
-1410 28
-1410 467
-1409 -86
-1409 -55
-1409 279
-1409 408
-1409 429
-1408 46
-1408 263
-1408 362
-1407 -92
-1407 -92
-1407 29
-1407 154
-1407 209
-1407 409
-1406 -108
-1406 -86
-1406 262
-1406 276
-1406 300
-1406 428
-1406 1299
-1405 260
-1405 409
-1404 -91
-1404 -87
-1404 29
-1404 42
-1404 363
-1403 -90
-1403 -88
-1403 211
-1403 275
-1403 410
-1403 427
-1402 -88
-1402 30
-1401 32
-1401 34
-1401 36
-1401 214
-1401 256
-1401 299
-1401 412
-1401 425
-1400 156
-1400 274
-1400 413
-1400 423
-1399 217
-1399 365
-1399 415
-1399 417
-1399 421
-1398 86
-1398 221
-1398 225
-1398 227
-1398 419
-1398 419
-1397 -58
-1397 230
-1396 232
-1396 273
-1395 254
-1395 331
-1395 468
-1394 233
-1394 328
-1394 334
-1393 -1219
-1393 156
-1393 233
-1393 297
-1392 326
-1392 337
-1391 233
-1391 274
-1390 369
-1389 232
-1389 254
-1389 341
-1389 1297
-1388 323
-1387 231
-1386 30
-1386 34
-1386 155
-1386 275
-1385 -59
-1385 39
-1385 231
-1384 27
-1384 346
-1383 232
-1383 295
-1383 320
-1383 371
-1382 44
-1382 44
-1382 255
-1382 276
-1382 468
-1381 24
-1381 92
-1381 152
-1380 47
-1380 233
-1379 277
-1378 23
-1378 50
-1378 234
-1378 354
-1377 371
-1377 385
-1377 387
-1377 389
-1376 -107
-1376 51
-1376 93
-1376 147
-1376 236
-1376 257
-1376 383
-1376 391
-1375 239
-1375 277
-1375 295
-1375 315
-1375 381
-1375 393
-1374 51
-1374 146
-1374 360
-1374 369
-1374 379
-1374 395
-1374 1295
-1373 -57
-1373 23
-1373 242
-1373 365
-1372 50
-1372 245
-1372 276
-1372 378
-1372 396
-1372 465
-1371 94
-1371 145
-1371 261
-1370 49
-1370 247
-1370 276
-1370 297
-1370 377
-1370 397
-1369 309
-1368 46
-1368 144
-1368 266
-1368 274
-1368 376
-1368 397
-1367 24
-1367 94
-1367 249
-1367 273
-1367 300
-1367 304
-1366 271
-1366 376
-1366 398
-1365 25
-1365 42
-1365 461
-1364 27
-1364 39
-1364 145
-1364 376
-1364 397
-1364 449
-1364 451
-1364 454
-1363 -53
-1363 251
-1363 447
-1363 1293
-1362 -74
-1362 29
-1362 31
-1362 34
-1362 36
-1362 93
-1362 377
-1362 397
-1362 445
-1361 -78
-1360 145
-1360 230
-1360 233
-1360 378
-1360 396
-1360 444
-1359 -69
-1359 226
-1359 234
-1359 252
-1359 379
-1359 395
-1358 -80
-1358 92
-1358 443
-1357 235
-1357 381
-1357 393
-1356 125
-1356 220
-1356 383
-1356 385
-1356 387
-1356 387
-1356 389
-1356 391
-1356 443
-1356 1292
-1355 -63
-1355 -46
-1355 91
-1355 118
-1355 147
-1355 252
-1354 234
-1353 112
-1353 132
-1353 213
-1353 262
-1353 264
-1353 443
-1352 -43
-1352 90
-1352 262
-1351 -78
-1351 88
-1351 108
-1351 252
-1351 266
-1350 149
-1350 233
-1350 443
-1349 -40
-1349 85
-1349 262
-1349 270
-1348 -107
-1348 -77
-1348 -56
-1348 443
-1347 105
-1347 137
-1347 202
-1347 232
-1347 1291
-1346 84
-1346 251
-1346 263
-1346 442
-1345 -77
-1345 -38
-1345 151
-1345 274
-1344 83
-1344 231
-1344 440
-1343 417
-1343 420
-1343 423
-1343 427
-1343 437
-1342 -77
-1342 103
-1342 414
-1342 431
-1342 434
-1341 -36
-1341 231
-1341 250
-1341 265
-1341 412
-1340 -49
-1340 83
-1340 154
-1340 280
-1340 410
-1339 -77
-1339 194
-1339 409
-1338 142
-1338 232
-1338 248
-1338 266
-1337 -34
-1337 83
-1337 408
-1336 -78
-1336 104
-1335 232
-1335 285
-1335 408
-1334 156
-1334 246
-1334 268
-1333 -80
-1333 -33
-1333 233
-1333 407
-1333 1289
-1332 85
-1332 244
-1331 -82
-1331 -44
-1331 189
-1331 234
-1331 270
-1331 288
-1330 106
-1330 242
-1330 405
-1329 -84
-1329 -32
-1329 236
-1329 238
-1329 240
-1329 272
-1329 327
-1328 87
-1328 157
-1328 290
-1328 324
-1328 331
-1327 -86
-1327 145
-1327 321
-1327 402
-1326 274
-1326 290
-1325 -41
-1325 -32
-1325 277
-1325 288
-1325 318
-1325 335
-1324 -106
-1324 -88
-1324 279
-1324 285
-1324 398
-1323 90
-1323 188
-1323 281
-1323 281
-1322 109
-1322 158
-1322 339
-1321 -90
-1321 -38
-1321 -32
-1321 315
-1321 395
-1321 1225
-1318 -36
-1318 -33
-1318 345
-1318 390
-1317 -35
-1317 -34
-1317 189
-1316 -92
-1316 147
-1316 159
-1315 386
-1314 96
-1314 1286
-1313 113
-1313 310
-1313 350
-1312 194
-1311 -93
-1311 212
-1311 218
-1311 223
-1311 228
-1311 379
-1310 159
-1310 201
-1310 232
-1309 355
-1308 102
-1308 236
-1308 374
-1307 114
-1307 360
-1307 369
-1306 -94
-1306 364
-1305 147
-1305 159
-1305 239
-1305 307
-1304 107
-1304 114
-1303 -105
-1302 111
-1302 241
-1300 -95
-1300 158
-1299 243
-1297 -44
-1297 -42
-1296 -46
-1296 -42
-1296 144
-1296 157
-1296 305
-1295 -1220
-1295 245
-1294 -95
-1293 -49
-1293 -42
-1293 247
-1291 -43
-1291 140
-1291 157
-1291 1282
-1290 249
-1289 -95
-1289 -53
-1289 137
-1288 -104
-1288 -43
-1288 252
-1288 266
-1288 269
-1288 305
-1287 135
-1287 158
-1287 254
-1287 260
-1287 263
-1286 257
-1286 272
-1285 -45
-1285 275
-1284 -96
-1284 -57
-1284 134
-1284 159
-1282 -46
-1282 133
-1282 277
-1281 306
-1280 -96
-1280 160
-1279 -62
-1279 -48
-1279 132
-1279 279
-1277 -103
-1277 -50
-1277 162
-1276 -97
-1276 133
-1275 -52
-1275 165
-1275 281
-1275 309
-1274 -98
-1273 -102
-1273 133
-1273 168
-1272 -100
-1272 -99
-1272 -67
-1272 171
-1271 134
-1271 174
-1271 313
-1270 -1220
-1270 283
-1270 319
-1270 322
-1269 -56
-1269 136
-1269 176
-1269 325
-1268 327
-1267 138
-1267 155
-1267 156
-1267 177
-1267 329
-1266 153
-1266 157
-1266 179
-1265 -72
-1265 141
-1265 151
-1265 331
-1265 1279
-1264 143
-1264 146
-1264 148
-1264 157
-1264 179
-1263 287
-1263 332
-1262 179
-1261 157
-1261 179
-1261 333
-1260 -57
-1259 -77
-1259 179
-1259 333
-1258 156
-1258 181
-1257 185
-1256 191
-1256 197
-1256 225
-1256 234
-1256 242
-1256 247
-1256 293
-1255 206
-1255 215
-1255 251
-1255 253
-1254 -82
-1254 154
-1254 252
-1253 249
-1253 331
-1252 244
-1252 301
-1251 -57
-1251 236
-1250 -86
-1249 -1219
-1249 151
-1249 230
-1249 310
-1249 326
-1248 123
-1248 124
-1248 125
-1248 125
-1248 126
-1248 127
-1248 319
-1247 121
-1247 128
-1247 226
-1246 -90
-1245 120
-1245 128
-1245 223
-1244 -93
-1244 118
-1244 129
-1244 149
-1243 -97
-1243 -96
-1243 -23
-1243 -21
-1243 221
-1242 -24
-1242 -19
-1242 -19
-1242 117
-1242 129
-1241 -56
-1241 -17
-1240 -25
-1240 115
-1240 130
-1240 222
-1239 -100
-1239 -16
-1239 147
-1238 -25
-1238 114
-1238 130
-1238 163
-1237 158
-1237 161
-1237 166
-1236 -14
-1236 113
-1236 130
-1236 156
-1236 168
-1236 223
-1236 1274
-1235 -25
-1235 145
-1234 -12
-1234 112
-1234 129
-1234 155
-1234 169
-1232 -54
-1232 112
-1232 128
-1232 153
-1232 226
-1231 -1219
-1231 -24
-1231 -11
-1231 170
-1230 112
-1230 126
-1230 144
-1230 152
-1229 113
-1229 125
-1229 229
-1228 115
-1228 123
-1228 151
-1227 -23
-1227 -10
-1227 116
-1227 118
-1227 121
-1227 170
-1226 144
-1226 196
-1226 198
-1226 201
-1226 231
-1225 151
-1225 206
-1224 -50
-1224 -10
-1224 196
-1223 144
-1223 151
-1223 198
-1223 213
-1223 232
-1222 -103
-1222 -67
-1222 85
-1222 170
-1222 220
-1222 231
-1221 -62
-1221 -10
-1221 82
-1221 89
-1221 144
-1221 151
-1221 225
-1221 229
-1220 -71
-1220 78
-1220 92
-1220 92
-1220 202
-1219 -21
-1219 76
-1219 145
-1219 150
-1218 -58
-1218 -46
-1218 97
-1218 146
-1218 147
-1218 148
-1218 149
-1217 -1217
-1217 73
-1217 169
-1216 -40
-1216 -40
-1216 -39
-1216 101
-1216 207
-1215 -75
-1215 -37
-1214 -55
-1214 -35
-1214 -10
-1214 71
-1214 103
-1212 -34
-1212 -18
-1212 103
-1211 69
-1211 168
-1210 -53
-1210 216
-1209 -33
-1209 -11
-1209 102
-1208 -80
-1208 -16
-1207 -12
-1206 -1156
-1206 -32
-1206 -14
-1206 270
-1205 -1215
-1205 -53
-1205 100
-1205 167
-1205 272
-1205 1270
-1204 222
-1203 -31
-1203 265
-1203 274
-1202 67
-1201 -54
-1201 96
-1201 189
-1200 -31
-1200 126
-1200 129
-1200 132
-1200 166
-1200 186
-1200 192
-1200 275
-1199 124
-1199 135
-1199 135
-1199 185
-1199 195
-1198 -83
-1198 122
-1198 184
-1198 225
-1198 261
-1197 -1213
-1197 -106
-1197 -56
-1197 -31
-1197 138
-1197 200
-1196 120
-1196 141
-1196 166
-1196 276
-1195 65
-1195 90
-1195 183
-1195 205
-1194 -32
-1194 119
-1194 144
-1194 226
-1193 -59
-1193 183
-1192 146
-1192 167
-1191 -1210
-1191 -33
-1191 119
-1191 182
-1191 214
-1191 224
-1191 276
-1190 148
-1190 220
-1189 -63
-1189 -63
-1189 -34
-1189 66
-1189 83
-1189 167
-1189 181
-1189 257
-1188 -65
-1188 119
-1188 150
-1187 -1207
-1187 -35
-1187 180
-1186 68
-1186 77
-1186 120
-1186 151
-1186 169
-1186 179
-1186 276
-1185 -87
-1185 -37
-1185 72
-1185 151
-1185 170
-1185 177
-1184 -67
-1184 -40
-1184 -38
-1184 172
-1184 175
-1183 -42
-1183 122
-1183 151
-1182 -1201
-1182 150
-1181 -45
-1181 124
-1180 -69
-1180 148
-1180 275
-1179 126
-1179 146
-1179 254
-1178 129
-1178 141
-1178 144
-1177 -47
-1177 132
-1177 135
-1177 138
-1176 -71
-1173 274
-1173 299
-1173 301
-1173 303
-1173 305
-1173 1266
-1172 -1194
-1172 297
-1172 307
-1171 -90
-1171 -49
-1171 295
-1171 308
-1170 -72
-1170 310
-1169 294
-1169 310
-1167 252
-1167 273
-1167 311
-1166 292
-1165 311
-1164 -109
-1164 -73
-1164 -51
-1164 291
-1161 273
-1161 291
-1159 166
-1158 -1076
-1158 -1075
-1158 -74
-1158 164
-1158 168
-1158 340
-1158 341
-1157 -1077
-1157 -53
-1157 162
-1157 162
-1157 169
-1157 291
-1157 339
-1156 -1186
-1156 -1074
-1156 160
-1156 341
-1155 -1078
-1155 -1078
-1155 -92
-1155 171
-1155 252
-1155 273
-1154 -1073
-1154 158
-1154 290
-1154 338
-1153 172
-1153 310
-1153 342
-1152 -1079
-1152 156
-1151 -1073
-1151 -74
-1151 290
-1150 154
-1150 172
-1150 274
-1149 -55
-1149 219
-1149 220
-1149 337
-1149 342
-1148 -1079
-1148 223
-1148 289
-1147 -93
-1147 153
-1147 173
-1147 219
-1147 274
-1146 -1072
-1146 287
-1145 -1080
-1145 -74
-1145 152
-1145 226
-1144 172
-1144 252
-1144 276
-1144 286
-1143 151
-1143 220
-1143 284
-1143 311
-1143 343
-1142 278
-1142 282
-1141 -1080
-1141 -1072
-1141 -93
-1141 151
-1141 172
-1141 232
-1141 280
-1141 1261
-1140 -57
-1139 -75
-1139 151
-1139 333
-1138 -1080
-1138 171
-1138 222
-1137 152
-1137 343
-1136 -1178
-1136 -1072
-1136 314
-1135 -93
-1135 153
-1135 169
-1135 238
-1134 -1079
-1134 -76
-1134 154
-1134 255
-1133 168
-1133 328
-1132 -1073
-1132 156
-1132 166
-1132 224
-1132 318
-1131 -1079
-1131 158
-1131 160
-1131 162
-1131 164
-1131 323
-1131 344
-1130 -92
-1130 -58
-1129 -1073
-1129 -112
-1129 -77
-1129 246
-1128 -1078
-1128 257
-1128 346
-1127 224
-1126 -1077
-1126 -1074
-1126 -91
-1126 369
-1126 374
-1125 -1076
-1125 -1075
-1125 -79
-1125 348
-1125 365
-1125 379
-1125 421
-1124 251
-1124 258
-1124 361
-1124 384
-1124 420
-1123 73
-1123 223
-1123 350
-1123 357
-1123 389
-1123 422
-1122 -90
-1122 -81
-1122 71
-1122 255
-1122 353
-1122 394
-1122 420
-1121 -60
-1121 75
-1121 257
-1121 258
-1121 424
-1120 -88
-1120 -85
-1120 -83
-1120 69
-1120 113
-1120 114
-1120 114
-1120 115
-1120 219
-1119 112
-1119 116
-1119 238
-1119 241
-1119 288
-1119 292
-1119 296
-1119 398
-1119 419
-1118 77
-1118 77
-1118 111
-1118 117
-1118 212
-1118 235
-1118 284
-1118 285
-1118 299
-1117 109
-1117 118
-1117 201
-1117 244
-1117 283
-1117 404
-1117 426
-1116 68
-1116 187
-1116 282
-1116 303
-1116 418
-1115 107
-1115 118
-1115 167
-1115 232
-1115 283
-1115 408
-1115 417
-1114 153
-1114 247
-1114 285
-1114 412
-1114 415
-1113 -62
-1113 -23
-1113 106
-1113 119
-1113 288
-1113 306
-1112 -30
-1112 -14
-1112 -14
-1112 81
-1112 428
-1111 -34
-1111 104
-1111 119
-1111 143
-1111 228
-1111 291
-1110 -1168
-1110 -7
-1110 66
-1110 293
-1110 309
-1109 103
-1109 119
-1109 251
-1108 -2
-1108 137
-1108 295
-1108 1256
-1107 -1124
-1107 -36
-1107 102
-1107 119
-1107 311
-1106 2
-1106 84
-1106 224
-1106 297
-1106 431
-1105 -64
-1105 101
-1105 118
-1104 299
-1103 4
-1103 65
-1103 101
-1103 117
-1103 136
-1103 257
-1103 314
-1102 102
-1102 116
-1102 300
-1101 -36
-1101 86
-1101 220
-1101 301
-1100 5
-1100 102
-1100 114
-1099 104
-1099 106
-1099 110
-1099 112
-1099 139
-1099 301
-1098 -66
-1098 108
-1098 265
-1098 315
-1098 433
-1098 433
-1097 86
-1097 215
-1095 4
-1095 146
-1094 -35
-1094 210
-1094 273
-1094 300
-1094 316
-1093 63
-1092 -114
-1092 85
-1092 157
-1092 281
-1092 295
-1091 -68
-1091 204
-1091 289
-1090 172
-1090 197
-1090 317
-1089 2
-1089 182
-1089 190
-1087 -70
-1087 317
-1086 82
-1086 303
-1086 305
-1085 -31
-1085 302
-1085 307
-1085 355
-1084 309
-1084 316
-1084 350
-1084 361
-1084 438
-1083 -71
-1083 302
-1083 312
-1083 315
-1082 62
-1082 314
-1082 347
-1082 369
-1081 -2
-1081 302
-1080 -73
-1080 78
-1080 372
-1079 346
-1078 303
-1078 375
-1077 -1158
-1077 1252
-1075 -75
-1075 346
-1075 377
-1074 -25
-1074 304
-1074 401
-1073 -5
-1073 61
-1073 73
-1073 379
-1073 401
-1073 402
-1072 401
-1072 404
-1071 305
-1071 440
-1070 380
-1070 402
-1070 406
-1069 -76
-1069 349
-1068 -21
-1068 408
-1067 -8
-1067 61
-1067 69
-1067 306
-1067 403
-1066 381
-1065 403
-1064 -18
-1064 66
-1064 306
-1064 411
-1063 -11
-1063 62
-1063 325
-1063 327
-1063 353
-1063 381
-1062 -16
-1062 -13
-1062 63
-1062 324
-1062 329
-1062 403
-1061 -77
-1061 323
-1061 439
-1060 305
-1060 332
-1060 355
-1060 380
-1059 401
-1058 304
-1058 323
-1057 -116
-1057 334
-1057 357
-1057 400
-1056 323
-1056 379
-1056 419
-1055 302
-1055 397
-1055 437
-1054 273
-1054 274
-1053 272
-1053 275
-1053 300
-1053 321
-1053 337
-1053 359
-1053 378
-1053 394
-1052 -78
-1052 298
-1051 271
-1051 296
-1051 320
-1051 378
-1051 391
-1051 427
-1051 432
-1050 294
-1050 360
-1050 379
-1050 387
-1049 270
-1049 294
-1049 317
-1049 340
-1049 381
-1049 384
-1048 279
-1048 294
-1048 360
-1047 296
-1047 314
-1046 270
-1046 298
-1046 300
-1046 304
-1046 308
-1046 311
-1046 343
-1046 1247
-1045 360
-1044 347
-1044 1186
-1043 -79
-1043 360
-1042 269
-1042 349
-1041 282
-1041 352
-1041 358
-1040 122
-1040 122
-1040 129
-1040 355
-1040 357
-1039 112
-1039 135
-1038 -1145
-1038 140
-1038 269
-1037 102
-1036 144
-1034 93
-1034 268
-1034 432
-1034 435
-1034 439
-1033 -80
-1033 147
-1033 284
-1033 319
-1033 320
-1033 428
-1033 443
-1032 321
-1031 317
-1031 426
-1031 445
-1030 84
-1030 150
-1029 267
-1029 322
-1029 423
-1029 447
-1028 315
-1026 -117
-1026 151
-1026 421
-1026 448
-1025 77
-1025 285
-1025 322
-1024 264
-1024 312
-1023 -80
-1023 420
-1023 448
-1022 151
-1020 71
-1020 310
-1020 322
-1019 420
-1019 448
-1019 1243
-1018 260
-1018 379
-1018 381
-1017 -116
-1017 151
-1017 377
-1017 383
-1016 284
-1016 309
-1016 323
-1015 67
-1015 420
-1014 -80
-1014 376
-1014 446
-1013 149
-1013 256
-1013 323
-1013 387
-1012 171
-1012 175
-1012 179
-1012 179
-1012 183
-1012 308
-1011 166
-1011 169
-1011 186
-1010 -1095
-1010 65
-1010 66
-1010 165
-1010 189
-1010 190
-1010 324
-1009 69
-1009 147
-1009 164
-1009 190
-1009 308
-1009 376
-1009 445
-1008 -116
-1008 73
-1008 190
-1008 251
-1008 283
-1008 326
-1008 335
-1008 337
-1008 339
-1008 342
-1008 392
-1007 78
-1007 143
-1007 164
-1007 188
-1007 327
-1007 333
-1007 344
-1006 84
-1006 92
-1006 137
-1006 165
-1006 309
-1006 329
-1006 331
-1006 346
-1005 -81
-1005 100
-1005 108
-1005 120
-1005 129
-1005 166
-1005 185
-1005 445
-1004 168
-1004 171
-1004 179
-1004 182
-1004 311
-1004 348
-1004 421
-1003 174
-1003 176
-1003 246
-1002 349
-1002 376
-1002 398
-1001 -115
-1001 281
-1001 314
-1001 445
-999 240
-999 318
-997 -82
-997 354
-997 374
-997 445
-996 234
-995 278
-995 324
-995 421
-994 -114
-994 370
-994 405
-994 1239
-993 358
-993 446
-992 229
-992 276
-992 362
-992 367
-991 -1131
-991 432
-991 433
-990 -83
-990 275
-990 431
-990 447
-989 226
-989 329
-989 411
-989 420
-989 435
-988 -112
-988 430
-988 449
-987 275
-986 223
-986 415
-986 418
-986 452
-986 452
-985 -84
-985 275
-985 429
-985 437
-984 -110
-984 222
-984 332
-984 454
-983 110
-983 119
-983 129
-982 102
-982 140
-982 221
-982 277
-982 456
-981 -108
-981 -106
-981 -85
-981 96
-981 153
-981 222
-981 225
-981 229
-981 429
-981 440
-980 -104
-980 -101
-980 -99
-980 -96
-980 91
-980 165
-980 232
-980 279
-980 457
-979 -94
-979 -92
-979 234
-979 458
-978 -90
-978 -88
-978 -87
-978 88
-978 174
-978 281
-978 442
-977 234
-977 285
-977 285
-977 332
-977 428
-977 458
-976 87
-975 182
-975 234
-975 445
-975 458
-974 291
-974 428
-974 1236
-973 447
-973 458
-972 188
-972 232
-972 449
-972 457
-971 295
-971 451
-971 455
-970 88
-970 428
-970 453
-969 193
-968 229
-968 331
-967 298
-967 428
-965 196
-964 -87
-964 -83
-964 -79
-964 -76
-964 93
-964 428
-963 -92
-963 -73
-963 -71
-962 -96
-962 225
-962 300
-961 -69
-961 -69
-961 198
-961 198
-961 428
-960 -102
-960 -68
-959 329
-959 1234
-958 -67
-958 222
-958 428
-957 -106
-957 100
-957 199
-957 301
-956 429
-955 -66
-955 219
-955 229
-955 231
-955 233
-955 428
-954 226
-954 235
-953 -110
-953 -65
-953 200
-953 236
-953 427
-952 218
-952 224
-952 424
-951 108
-951 217
-951 221
-951 237
-951 421
-950 -64
-950 200
-950 217
-950 218
-950 300
-950 417
-949 237
-949 407
-949 413
-948 -113
-948 394
-948 402
-947 237
-947 324
-947 388
-946 -64
-946 118
-946 201
-946 383
-945 236
-944 380
-943 -63
-943 202
-943 235
-942 128
-942 298
-941 -115
-941 -87
-941 -85
-941 234
-941 378
-940 -63
-940 203
-940 233
-939 -89
-939 -82
-939 139
-939 232
-938 149
-938 154
-938 203
-938 228
-938 230
-938 378
-937 158
-936 -91
-936 -78
-936 -63
-936 45
-936 50
-936 55
-936 55
-936 60
-936 64
-936 162
-936 204
-936 224
-935 42
-935 67
-935 165
-935 203
-934 38
-934 40
-934 70
-934 71
-934 261
-934 263
-934 317
-933 -74
-933 -64
-933 38
-933 71
-933 167
-933 202
-933 260
-933 266
-933 295
-933 378
-932 -116
-932 39
-932 70
-932 168
-931 -92
-931 -71
-931 -65
-931 41
-931 68
-931 201
-931 221
-931 259
-931 269
-930 -68
-930 -66
-930 44
-930 65
-930 169
-930 198
-930 1229
-929 48
-929 62
-928 51
-928 55
-928 58
-928 168
-928 195
-928 273
-928 293
-927 192
-927 259
-927 379
-926 167
-925 167
-925 188
-925 277
-925 291
-924 -93
-924 183
-924 219
-924 359
-923 168
-923 170
-923 179
-923 258
-923 281
-923 289
-923 358
-923 360
-922 172
-922 175
-922 284
-922 286
-922 357
-921 -117
-921 310
-921 361
-920 138
-920 142
-920 146
-920 356
-919 132
-919 149
-919 258
-919 362
-919 381
-918 151
-917 126
-917 356
-916 151
-916 219
-916 257
-915 -93
-915 119
-914 151
-914 356
-913 -1070
-913 255
-913 380
-912 151
-912 365
-911 253
-911 306
-910 108
-910 150
-909 -1109
-909 355
-908 149
-908 251
-908 369
-908 379
-907 -117
-907 147
-907 219
-907 248
-906 144
-906 146
-906 245
-906 373
-906 376
-905 12
-905 18
-905 18
-905 21
-905 24
-905 100
-905 141
-905 143
-905 235
-905 238
-905 242
-905 354
-904 7
-904 26
-904 233
-904 303
-903 4
-903 139
-902 28
-902 232
-902 351
-901 2
-901 29
-900 93
-900 231
-899 2
-899 29
-899 138
-899 221
-899 303
-899 348
-898 231
-897 29
-897 305
-897 345
-896 -94
-896 3
-896 231
-896 340
-895 28
-895 88
-895 310
-895 318
-895 328
-895 334
-894 136
-893 6
-893 26
-893 233
-892 224
-891 24
-891 86
-891 234
-890 11
-890 22
-889 -116
-889 13
-889 20
-889 135
-889 235
-888 16
-888 18
-888 229
-887 87
-887 231
-887 235
-886 233
-886 234
-886 235
-886 1222
-885 91
-884 98
-884 100
-883 102
-882 -97
-882 134
-881 104
-879 -68
-879 -65
-879 105
-878 -64
-877 -113
-877 -71
-877 106
-876 -63
-875 -74
-875 133
-874 -63
-874 107
-873 -101
-872 -79
-871 -64
-871 108
-870 -110
-869 -105
-868 -65
-868 133
-867 -84
-867 108
-866 -66
-864 108
-863 -68
-862 -89
-862 -89
-861 -70
-861 107
-859 -72
-859 106
-858 93
-858 97
-858 105
-857 -74
-857 103
-856 -76
-856 99
-856 102
-856 133
-853 -97
-853 -78
-853 91
-850 -80
-848 133
-847 -81
-845 91
-843 -103
-843 -83
-842 134
-839 -84
-839 163
-839 166
-839 168
-838 159
-838 170
-837 136
-837 154
-836 170
-835 -84
-835 138
-835 147
-834 93
-834 142
-833 169
-831 -108
-831 -85
-830 167
-830 1214
-827 -85
-827 165
-824 -1089
-824 164
-824 191
-823 -85
-823 97
-823 186
-823 195
-822 164
-822 181
-822 199
-821 166
-821 175
-821 202
-820 168
-820 171
-819 -87
-819 205
-818 -1048
-816 -88
-816 208
-814 -112
-813 -90
-813 209
-812 101
-810 -92
-810 210
-809 168
-808 -94
-808 161
-807 -96
-807 173
-807 211
-806 -98
-805 153
-805 211
-804 -100
-804 177
-804 198
-804 200
-804 203
-804 211
-803 106
-803 205
-803 210
-802 195
-802 207
-802 209
-801 -102
-800 192
-799 144
-798 -102
-798 178
-797 111
-797 189
-794 186
-793 -102
-792 115
-792 136
-791 183
-790 -115
-790 177
-789 -101
-786 130
-785 175
-785 179
-784 116
-783 -99
-782 127
-781 177
-780 174
-778 125
-778 173
-778 175
-777 -97
-777 174
-775 113
-774 124
-771 126
-768 1205
-767 109
-766 129
-765 -94
-761 134
-758 102
-757 -117
-755 141
-752 95
-751 67
-751 68
-751 70
-751 72
-751 75
-751 146
-750 -92
-750 66
-750 78
-750 1144
-749 65
-749 81
-749 88
-748 66
-747 67
-746 150
-745 70
-743 73
-743 153
-741 76
-739 80
-739 154
-737 -1072
-737 155
-736 85
-735 154
-734 -90
-734 90
-734 178
-734 179
-734 179
-734 180
-733 152
-733 176
-733 180
-732 95
-732 175
-732 181
-731 149
-731 173
-731 182
-730 99
-730 146
-729 172
-729 183
-728 102
-728 144
-727 103
-727 170
-727 183
-726 104
-725 102
-725 144
-725 169
-725 183
-724 96
-724 100
-723 92
-723 167
-723 183
-722 -1029
-722 145
-721 89
-721 166
-721 183
-719 147
-719 166
-719 182
-718 85
-717 -90
-717 166
-717 181
-717 213
-717 221
-716 166
-716 180
-715 206
-715 231
-714 -119
-714 82
-714 151
-714 167
-714 178
-713 168
-713 170
-713 172
-713 174
-713 176
-712 201
-712 242
-710 156
-709 79
-708 255
-708 255
-707 197
-704 76
-704 162
-704 261
-703 1196
-701 194
-699 -91
-699 265
-697 74
-697 170
-695 192
-694 267
-693 177
-691 110
-691 190
-690 114
-689 72
-689 105
-689 182
-689 188
-689 266
-688 117
-688 185
-686 99
-684 118
-684 263
-683 71
-681 -93
-681 92
-680 258
-679 233
-679 235
-679 239
-678 116
-678 231
-678 243
-678 251
-676 70
-676 230
-675 115
-674 86
-674 230
-672 113
-672 230
-670 69
-670 110
-669 82
-669 232
-667 107
-666 234
-665 68
-665 79
-665 104
-664 -96
-663 100
-663 234
-662 78
-662 96
-662 195
-661 188
-661 202
-661 208
-661 233
-660 68
-660 78
-660 92
-660 92
-660 182
-660 216
-660 231
-659 79
-659 82
-659 86
-659 176
-659 222
-659 227
-658 -122
-657 68
-657 171
-655 68
-655 167
-653 68
-652 164
-650 76
-649 -100
-649 158
-648 -1057
-647 88
-646 147
-645 102
-645 118
-645 133
-644 -102
-640 -102
-640 1188
-636 -103
-633 -102
-630 -101
-628 -100
-627 -1013
-627 -98
-627 -96
-626 -91
-626 169
-626 171
-625 163
-625 166
-625 171
-624 -87
-623 158
-623 158
-623 171
-622 154
-621 170
-620 -85
-620 150
-619 145
-619 167
-618 140
-617 131
-617 135
-616 -85
-616 85
-616 88
-616 88
-616 90
-616 120
-616 124
-616 127
-615 83
-615 91
-615 118
-614 81
-614 93
-614 115
-613 80
-613 94
-613 113
-613 160
-611 78
-611 94
-611 111
-610 -87
-610 77
-610 94
-609 110
-608 76
-608 93
-608 151
-607 -124
-607 109
-605 76
-605 92
-605 108
-604 -90
-603 76
-603 91
-603 141
-601 77
-601 89
-601 110
-600 132
-599 77
-599 88
-599 115
-599 123
-598 78
-598 86
-597 -95
-597 78
-597 85
-596 79
-596 83
-595 80
-595 81
-595 82
-590 -101
-587 -105
-584 -107
-583 1180
-581 -109
-579 185
-579 188
-579 191
-578 -110
-578 193
-577 182
-576 -111
-576 194
-575 -110
-575 177
-574 -109
-574 194
-573 -107
-573 172
-572 -105
-571 167
-571 195
-569 -103
-569 162
-569 197
-568 127
-567 120
-567 157
-567 200
-566 -125
-566 136
-566 152
-566 205
-565 139
-565 143
-565 147
-564 -101
-564 114
-564 211
-563 217
-563 224
-563 232
-563 232
-562 252
-560 109
-559 -1046
-559 265
-558 -100
-556 270
-554 107
-552 268
-550 -99
-548 107
-548 259
-544 245
-541 -98
-541 110
-541 226
-540 202
-539 178
-539 189
-538 169
-537 162
-536 158
-536 1174
-535 116
-535 156
-534 -125
-534 156
-533 -1001
-533 160
-531 -97
-531 121
-530 170
-529 207
-529 214
-528 125
-528 202
-528 223
-526 176
-526 198
-526 234
-526 1173
-525 127
-525 243
-524 254
-523 127
-523 196
-522 266
-521 180
-520 -97
-520 126
-520 194
-520 279
-519 292
-517 122
-517 306
-516 180
-515 194
-515 319
-515 1171
-514 117
-514 331
-514 331
-512 177
-512 235
-512 242
-512 249
-512 257
-512 342
-511 -125
-511 230
-511 266
-510 110
-510 225
-510 353
-509 195
-509 221
-509 277
-509 362
-508 142
-508 172
-508 285
-507 106
-507 153
-507 163
-507 220
-507 291
-506 -97
-506 135
-506 370
-505 294
-504 101
-504 131
-504 197
-504 295
-504 377
-503 1169
-502 216
-502 294
-502 383
-501 200
-500 97
-500 130
-500 291
-500 386
-499 203
-499 212
-499 387
-498 6
-498 7
-498 7
-498 8
-498 207
-497 5
-497 9
-497 94
-497 285
-496 3
-496 10
-496 132
-496 280
-495 -98
-495 2
-495 10
-494 -123
-494 0
-494 11
-494 274
-494 379
-493 91
-493 267
-492 -1
-492 11
-491 137
-491 259
-490 -3
-490 12
-490 251
-490 359
-490 1167
-489 89
-489 235
-489 243
-488 -4
-488 12
-488 220
-488 227
-487 145
-487 208
-487 213
-486 -99
-486 203
-486 329
-485 -5
-485 12
-485 87
-485 200
-484 197
-483 -121
-483 -6
-483 11
-483 156
-483 295
-482 -6
-482 10
-482 87
-482 196
-481 197
-480 -6
-480 9
-480 261
-479 -100
-479 -5
-479 7
-479 87
-479 166
-479 208
-479 230
-478 -3
-478 5
-477 -118
-477 -2
-477 1
-477 3
-477 1165
-476 86
-475 -103
-474 -113
-473 -109
-473 -105
-473 85
-473 176
-471 84
-470 -1037
-469 83
-467 82
-466 79
-466 80
-465 77
-465 185
-463 1103
-463 1163
-461 -108
-460 75
-459 435
-458 435
-457 193
-457 434
-455 436
-454 73
-453 433
-453 433
-451 1161
-449 437
-448 199
-446 432
-445 72
-441 437
-439 -992
-439 -992
-439 164
-439 169
-439 202
-439 432
-439 1159
-438 159
-437 174
-436 152
-434 70
-433 179
-432 203
-431 145
-431 182
-431 431
-430 437
-429 185
-427 189
-426 192
-426 201
-425 136
-425 194
-425 197
-425 199
-425 1156
-422 69
-422 431
-418 -117
-418 125
-418 437
-415 -107
-413 431
-408 68
-407 -119
-407 1153
-406 -107
-406 111
-406 437
-405 431
-401 -990
-398 -106
-396 432
-396 437
-395 100
-394 67
-392 -121
-391 120
-390 -105
-390 114
-389 433
-388 109
-388 123
-388 436
-385 93
-385 106
-384 1149
-383 -103
-383 434
-383 436
-381 -1031
-381 104
-380 126
-380 434
-380 435
-377 -102
-377 89
-377 103
-375 -123
-373 -100
-372 104
-371 -98
-370 -96
-369 -94
-369 88
-369 106
-369 128
-367 -93
-366 111
-365 113
-364 -92
-364 90
-364 115
-363 116
-362 116
-361 96
-361 112
-361 114
-360 -92
-360 106
-360 109
-358 65
-357 1145
-356 130
-355 -126
-355 -92
-350 -989
-349 -92
-345 -5
-345 -4
-344 -7
-344 -2
-344 -1
-343 -10
-343 -10
-343 130
-342 -94
-342 0
-341 -12
-341 1
-339 -14
-339 1
-337 -16
-336 1
-335 -95
-335 -17
-334 0
-333 -128
-333 -18
-332 -1
-331 64
-330 -19
-330 129
-329 -2
-329 1141
-328 -20
-327 -97
-327 -4
-326 -20
-325 -5
-323 -20
-323 -7
-322 -19
-321 -18
-321 -10
-320 -17
-320 -16
-320 -14
-320 -12
-320 127
-319 -99
-313 124
-312 63
-311 -130
-310 -100
-310 122
-303 121
-301 -101
-299 61
-298 1136
-295 -1029
-293 119
-292 -102
-290 60
-289 -990
-287 -132
-286 58
-284 54
-284 56
-283 -102
-283 52
-282 51
-280 118
-279 49
-276 47
-275 -102
-273 46
-268 -102
-268 44
-267 1131
-266 -1028
-265 117
-264 -134
-263 43
-261 -102
-258 42
-254 -102
-252 41
-248 -103
-248 115
-248 175
-248 186
-248 209
-247 -5
-247 175
-247 243
-246 -6
-246 40
-246 186
-246 291
-245 -4
-245 322
-244 -7
-244 351
-244 378
-243 206
-243 401
-243 420
-242 40
-242 435
-242 445
-242 449
-242 449
-241 -103
-241 -2
-241 237
-241 449
-241 450
-240 450
-239 -7
-239 41
-239 56
-239 450
-238 43
-238 52
-238 59
-237 45
-237 48
-237 451
-236 -1028
-236 -105
-236 1
-236 1
-236 61
-236 451
-236 1126
-235 299
-234 -136
-234 451
-232 -7
-232 451
-231 62
-231 348
-230 -106
-229 114
-229 450
-228 386
-227 413
-227 432
-227 444
-226 -107
-226 5
-225 -992
-224 63
-223 -109
-223 -7
-220 -111
-218 8
-217 -112
-216 -6
-215 63
-213 -113
-212 10
-210 -5
-210 113
-209 -137
-208 -113
-208 1065
-207 11
-206 -1027
-205 -4
-204 -113
-203 10
-203 1121
-202 62
-200 -3
-199 -112
-199 9
-197 -2
-197 7
-195 -111
-195 0
-194 2
-194 3
-191 -109
-189 -137
-186 60
-181 -42
-181 -37
-178 -31
-176 -1026
-176 -104
-176 -45
-174 -137
-174 58
-171 -24
-170 111
-169 -48
-167 1116
-163 -994
-162 -136
-161 -16
-161 56
-157 -48
-155 -102
-155 -12
-153 -134
-149 -9
-149 54
-148 -1024
-148 -131
-145 -7
-144 -127
-143 -47
-141 -123
-141 -6
-138 -6
-137 -120
-137 52
-136 -7
-135 -47
-135 108
-134 -13
-134 -10
-134 -8
-133 -15
-131 -118
-131 -101
-131 -16
-130 1110
-129 -17
-127 -47
-127 -18
-125 49
-124 -118
-124 -18
-122 -1023
-121 -17
-120 -47
-118 -16
-115 -15
-115 47
-114 -119
-112 -49
-112 -15
-110 -66
-109 -66
-109 -15
-108 -997
-108 -68
-108 -65
-106 -102
-106 -15
-106 44
-105 -51
-105 103
-104 -71
-104 -66
-104 -16
-103 -17
-102 -21
-102 -19
-101 -122
-101 -23
-99 -1022
-99 -74
-99 -67
-99 42
-98 -53
-98 -26
-95 -76
-94 -29
-92 -56
-92 1104
-91 -69
-90 -78
-89 -33
-87 -971
-87 -59
-86 -80
-86 38
-85 -976
-85 -968
-85 -125
-83 -37
-82 -104
-82 -71
-81 -978
-81 -81
-81 97
-80 -1020
-79 -65
-78 -965
-77 -82
-76 -73
-76 -41
-74 -69
-74 36
-73 -981
-73 -83
-72 -73
-71 -73
-71 -71
-70 -82
-67 -82
-67 -45
-66 -130
-64 -1000
-64 -964
-64 36
-62 -982
-62 90
-61 -107
-60 -81
-59 -48
-57 -29
-57 -28
-56 -1018
-56 -30
-56 -26
-55 -32
-55 -25
-55 38
-55 1098
-54 -83
-53 -33
-53 -24
-51 -134
-50 -52
-50 -23
-48 -22
-48 82
-47 -86
-47 -35
-47 41
-46 -984
-45 -112
-45 -20
-43 -17
-42 -56
-42 47
-41 -962
-41 -91
-41 -34
-41 -15
-40 -11
-40 73
-39 54
-38 -1016
-38 -8
-38 -4
-37 -1004
-37 -1
-37 -1
-37 4
-37 8
-37 63
-36 -118
-36 10
-35 -138
-35 -97
-35 -60
-35 -31
-35 11
-34 -122
-34 11
-32 -125
-32 9
-31 -104
-30 -126
-30 -26
-30 6
-29 -127
-29 -63
-28 -127
-28 -111
-28 2
-27 -1007
-27 -984
-27 -125
-27 -122
-27 -119
-27 -19
-26 -1014
-25 -12
-25 -5
-23 -67
-20 -1009
-20 -141
-19 -1013
-19 -70
-19 1093
-17 -1011
-17 -73
-16 -77
-16 -75
-14 -79
-12 -80
-11 1035
-10 -82
-8 -961
-7 -83
-5 -22
-5 -20
-5 -20
-5 -18
-4 -143
-4 -24
-4 -16
-3 -84
-3 -26
-3 -14
-2 -984
-1 -28
-1 -13
1 -84
2 -29
2 -11
5 -85
5 -30
5 -10
8 -123
8 -121
8 -31
8 -10
9 -125
10 -118
11 -146
11 -126
11 -31
11 -10
14 -115
14 -85
14 -31
14 -10
14 1088
15 -126
17 -30
17 -10
20 -126
20 -108
20 -87
20 -29
20 -11
22 -28
22 -13
24 -102
24 -89
24 -26
24 -14
25 -147
26 -97
26 -93
26 -24
26 -16
27 -983
27 -125
27 -22
27 -20
27 -18
34 -124
37 -149
38 -961
40 -122
43 221
43 258
43 296
43 1083
44 1027
45 -119
45 4
45 7
45 11
46 2
47 -149
47 15
48 1
49 21
50 -115
50 1
52 27
53 1
55 -110
55 1
55 33
55 33
55 108
56 105
56 113
58 0
58 102
58 118
59 -104
60 0
60 121
61 -982
61 125
61 151
62 99
62 130
62 149
62 149
62 154
62 156
63 -150
63 -98
63 0
63 134
63 138
63 142
63 145
64 47
64 158
65 -1
66 -90
66 160
67 -2
68 -1
68 97
69 -83
69 161
70 0
71 57
72 -77
72 3
72 162
73 -174
73 -173
74 -172
74 -73
74 7
75 -175
75 162
76 -71
76 12
76 95
77 -152
77 -70
77 62
78 -172
78 -71
78 17
79 -177
79 -73
80 -83
80 -77
80 24
80 162
81 31
81 64
82 -88
83 161
84 45
84 62
85 -178
85 55
86 -91
86 137
86 160
87 93
87 129
87 144
87 158
88 -155
88 149
88 155
89 152
91 -170
92 -93
92 121
93 -180
94 1075
95 91
96 -159
98 -167
98 114
99 -960
99 -163
100 -94
102 -182
103 -981
103 90
105 1018
106 108
111 88
112 -95
114 218
116 103
118 86
118 311
125 84
126 99
127 -94
131 83
133 314
135 217
136 81
137 -980
137 98
140 80
140 98
143 79
144 97
146 78
147 -186
147 -93
147 96
147 318
148 -149
149 -155
149 -142
149 79
150 94
151 -133
151 79
151 215
152 -161
152 92
153 80
154 82
154 90
155 83
155 86
155 88
156 -165
156 -126
158 1065
160 321
162 -168
162 -121
164 -981
165 213
168 -92
169 -170
169 -119
169 1008
170 -48
171 -47
172 324
173 -49
175 -47
175 211
176 -120
178 -170
180 -1003
180 -1002
180 -50
180 -50
181 -1004
181 -1001
181 327
182 -1000
182 -46
183 -1005
183 -123
183 207
184 -983
184 -170
184 -92
185 -999
186 -1005
188 -169
188 -50
189 -129
189 203
189 329
190 -1005
190 256
191 254
192 -167
192 -46
193 258
194 -1005
194 -165
194 -136
194 197
194 252
194 331
196 -994
196 -985
196 -162
196 -146
196 -146
196 -93
196 333
196 333
197 -959
197 -158
197 -153
198 -51
198 189
198 260
199 -1004
199 249
200 -989
200 7
200 8
200 9
201 6
201 183
201 335
202 -1001
202 10
203 -921
203 177
204 -912
204 -45
204 11
204 121
205 -997
205 -901
205 -94
205 108
205 115
205 127
205 133
205 171
206 4
206 11
206 103
206 139
206 164
206 245
206 262
207 -888
207 144
207 150
207 157
208 -991
208 97
209 -874
209 -51
209 12
209 92
210 -859
211 -984
211 -97
211 338
212 -843
212 88
213 -976
213 12
213 87
213 242
214 -966
214 -828
214 4
215 -813
215 -102
215 88
216 -161
216 12
216 92
217 -799
217 -157
217 99
218 -108
218 109
218 264
219 -784
219 -163
219 -154
219 122
219 138
219 155
219 240
220 -150
220 -117
220 -51
220 -45
220 13
220 169
221 -929
221 -770
221 -189
221 -145
221 -122
221 181
222 -140
222 -134
222 -128
223 -757
223 14
223 190
224 5
225 -744
225 15
225 197
225 240
225 340
227 -166
227 17
228 -734
228 201
229 -894
229 18
229 268
230 -725
230 20
230 23
230 23
230 240
231 -51
231 25
231 204
232 -718
232 -718
232 27
232 1054
233 29
235 -712
235 -45
235 7
235 30
235 205
235 241
236 998
237 -860
237 -707
238 31
238 205
240 -704
240 -167
240 32
240 244
241 -51
241 275
241 341
242 86
242 207
243 33
243 83
243 92
244 -701
244 100
245 11
245 211
246 -830
246 81
246 248
247 -699
247 33
247 109
247 109
248 -46
249 117
249 215
250 33
250 81
251 -698
251 -50
251 122
252 220
252 253
252 283
253 33
253 125
254 15
255 83
255 127
256 -804
256 -698
256 32
256 225
257 126
257 342
258 -46
258 30
259 -169
259 124
259 232
259 259
260 -699
260 -50
260 19
260 29
261 27
262 26
262 86
262 120
262 239
262 293
263 24
264 264
265 -784
265 -47
265 89
265 114
265 250
266 -49
267 -152
267 -150
267 -150
267 266
267 375
268 -701
268 91
268 109
268 258
268 383
269 -48
269 -47
269 94
269 105
269 263
269 266
269 368
270 -154
270 97
270 101
271 305
271 341
272 393
273 -148
274 -769
274 -155
274 363
278 316
279 404
280 340
280 376
280 384
281 -157
282 -761
282 327
283 358
284 338
284 371
284 393
285 -706
286 -169
286 -146
288 369
289 -158
290 402
290 418
290 418
294 368
295 355
299 -756
299 -159
299 411
301 367
302 -146
302 430
303 351
303 987
306 -20
306 19
306 19
306 58
308 -714
309 1043
310 418
311 -159
311 366
312 346
314 -190
314 440
319 -170
319 339
321 -146
321 365
321 423
323 -755
323 -160
325 331
326 446
330 297
330 299
330 322
331 295
332 314
333 306
333 365
333 425
334 294
335 -160
337 293
338 -723
338 93
338 98
338 98
338 102
339 89
339 106
339 450
340 86
340 110
340 425
341 -148
341 82
341 113
342 80
342 115
342 292
343 221
344 78
344 117
344 220
344 222
345 364
346 -159
346 51
346 77
346 119
346 219
346 219
346 223
346 424
347 291
348 76
348 119
349 218
349 223
349 388
349 390
349 393
350 397
350 423
350 451
351 77
351 119
351 388
352 217
352 404
353 78
353 117
353 224
353 291
353 421
354 50
354 80
354 115
354 389
354 410
354 418
355 415
356 -759
356 -159
356 82
356 113
356 217
357 86
357 110
357 392
358 -150
358 89
358 106
358 224
358 364
359 93
359 98
359 102
360 -170
360 217
360 291
360 348
360 351
361 449
362 341
362 396
363 154
363 156
363 158
363 160
364 48
364 153
364 162
364 162
364 224
364 350
365 -158
365 152
365 217
366 164
366 399
367 151
367 166
367 978
368 331
369 151
369 168
369 217
370 346
370 401
371 151
371 169
371 224
371 291
372 -158
372 -152
372 171
372 443
373 -734
373 47
373 172
373 403
374 152
374 218
375 172
375 224
376 153
376 173
376 317
376 403
377 -157
377 154
377 172
378 171
378 172
378 219
378 364
379 -156
379 -20
379 156
379 169
379 223
379 291
379 337
379 403
380 -156
380 158
380 160
380 164
380 166
380 168
381 162
381 220
381 402
381 435
382 46
382 221
382 222
382 308
383 222
383 416
383 417
383 418
383 432
384 292
384 401
384 414
385 419
385 429
386 302
386 398
386 412
386 419
386 426
387 294
387 396
387 420
387 422
387 424
388 297
388 1031
389 394
389 409
391 45
391 110
391 110
391 325
391 542
391 544
391 546
392 105
392 108
392 392
392 406
392 540
392 549
392 551
393 -688
393 114
393 364
393 539
393 554
394 -696
394 -692
394 -684
394 102
394 390
394 556
395 -680
395 -680
395 98
395 539
396 -700
396 -677
396 117
396 403
396 558
397 -703
397 -169
397 389
397 540
397 560
398 -674
398 95
398 562
398 562
399 -768
399 388
399 541
400 -707
400 45
400 90
400 400
400 563
401 -671
401 118
401 543
402 -710
402 313
402 387
402 564
403 -668
403 86
403 397
403 565
404 545
405 362
405 387
405 565
406 -713
406 -666
406 82
406 394
406 548
407 -697
407 -693
407 -688
407 -684
407 119
407 387
407 392
407 565
408 -681
408 44
408 388
408 390
408 551
408 565
409 -715
409 -702
409 -665
410 -716
410 -707
410 -677
410 76
410 553
410 565
411 556
411 564
412 -747
412 -716
412 -714
412 -711
412 -675
412 -664
412 304
412 558
412 560
412 562
413 118
413 360
414 -191
414 44
414 72
415 -672
415 -663
417 69
418 232
418 357
419 -670
419 -664
419 68
419 116
419 300
421 -668
421 -664
421 69
421 230
422 44
422 233
422 352
423 -666
423 -665
423 -664
423 71
424 113
424 299
425 75
425 345
427 81
427 336
428 -169
428 85
428 109
428 302
428 969
429 43
429 89
429 107
429 234
429 309
429 320
430 93
430 97
430 101
430 104
434 41
437 230
438 38
438 236
441 34
442 446
444 28
446 21
447 12
449 238
452 -20
453 -782
453 -168
454 -760
461 287
462 290
462 417
462 417
462 1020
463 240
465 231
466 285
466 293
466 412
467 422
470 407
471 36
471 39
471 41
471 114
471 115
472 -167
472 113
472 116
472 417
473 296
474 32
474 43
474 112
474 112
474 117
474 402
475 284
476 412
477 110
477 117
477 242
478 27
478 27
478 399
479 43
480 108
480 118
480 408
481 23
481 396
482 105
482 960
483 404
484 -153
484 20
484 102
484 299
484 394
485 -165
485 -154
485 -152
485 98
485 118
485 400
486 44
486 393
487 18
487 90
487 94
487 394
487 397
488 -156
488 -151
488 82
488 86
488 285
488 395
489 78
490 17
490 75
491 71
491 118
492 17
492 69
493 -163
493 -159
493 244
494 -152
494 18
494 67
495 19
495 44
496 -161
496 21
496 66
497 117
497 302
498 -774
498 -714
498 -714
498 -679
498 65
499 -728
499 -721
499 27
499 233
500 -734
501 -21
501 -18
501 66
501 116
502 -739
502 -152
502 -24
503 -743
503 -15
503 68
503 286
504 31
504 70
504 113
505 -746
505 -26
505 -12
506 73
506 110
507 -748
507 77
508 43
508 82
508 105
509 -749
509 -28
509 -11
509 33
509 87
509 92
509 99
509 246
509 246
510 -190
511 -749
512 -153
513 -748
513 -9
513 306
515 -747
516 -29
516 32
517 -746
517 446
518 -745
518 -8
519 -801
519 -743
519 288
520 -742
520 -740
521 40
523 30
524 -735
524 -155
524 -30
524 -7
527 248
529 1011
530 -7
530 309
531 25
534 -731
534 -155
534 -31
534 35
534 292
537 -8
537 417
537 417
537 952
538 236
539 19
541 -155
541 412
542 422
545 250
545 407
546 -31
546 29
547 -789
547 -9
547 417
548 -153
548 11
549 -727
549 296
549 313
549 402
551 296
551 412
552 -150
553 399
554 3
554 297
555 -10
555 408
556 -146
556 297
556 396
558 21
558 404
559 -141
559 -10
559 -2
559 296
559 394
560 400
561 -31
561 -6
561 295
561 393
562 -8
562 294
562 394
562 397
563 -133
563 395
564 251
564 292
565 290
566 -724
568 -121
568 11
569 316
569 316
570 289
573 -30
574 -111
577 1
578 239
581 -105
581 -29
583 253
583 290
584 -723
584 -10
584 1003
586 -28
587 -150
588 -143
588 -17
589 -157
589 -100
589 -25
589 -22
590 -188
590 -137
591 -165
593 -133
595 -171
596 943
597 -130
598 -825
598 -98
600 -806
600 -723
600 -176
601 -128
601 293
602 254
605 -180
605 -128
607 429
608 322
608 425
608 427
608 429
608 430
609 -129
610 -99
610 423
610 429
611 -181
611 429
612 420
613 -725
614 -131
614 417
614 427
616 55
616 55
616 243
616 414
616 414
616 425
617 53
617 57
617 59
617 998
618 -180
618 51
618 61
619 -135
619 49
619 62
619 255
619 411
619 423
621 -728
621 47
621 64
621 420
622 65
622 105
622 113
622 119
622 299
622 408
623 -730
623 -177
623 -102
624 -139
624 -139
624 46
624 65
624 97
624 123
624 123
624 417
625 405
626 -732
626 65
626 125
627 -172
627 45
627 89
627 125
627 402
627 414
628 -145
629 -734
629 65
629 126
630 -166
630 44
630 400
630 411
631 -159
631 -152
631 65
631 82
631 126
632 -735
632 399
632 408
633 -721
633 44
633 64
633 126
634 -724
634 -720
634 398
634 405
635 -737
635 62
635 78
635 125
635 255
635 398
635 402
636 44
636 398
636 399
636 400
637 -737
637 -719
637 124
638 -727
638 61
639 45
639 76
639 123
639 327
640 -738
640 -107
640 59
641 -729
641 46
642 57
643 -738
643 -731
643 -718
643 47
643 55
643 78
643 119
643 305
644 -738
644 -186
644 49
644 51
644 53
645 -733
646 -737
646 -736
646 -735
646 83
646 113
648 -169
648 89
648 97
648 105
648 247
648 256
650 -174
651 -719
652 -165
652 -110
654 -784
657 -823
657 993
659 -181
659 934
661 330
662 -719
662 -113
662 312
663 -164
670 -115
673 -685
676 -721
676 -115
676 331
678 319
681 -164
681 -115
685 -113
685 332
687 -722
687 325
688 -110
689 331
690 329
691 -856
691 -106
691 367
692 364
692 369
693 362
694 -103
694 371
695 360
696 373
697 -797
698 -722
698 -100
698 358
700 374
701 357
701 986
702 -98
704 356
705 375
707 -165
707 256
708 -97
708 355
709 -722
710 375
712 355
715 -841
715 -97
716 375
717 -801
717 355
718 -722
721 354
723 -97
723 374
724 924
725 353
726 -777
726 329
727 -721
727 317
727 339
727 351
728 342
728 349
729 346
730 303
730 373
731 -869
733 -98
734 -138
735 -720
735 -141
735 290
736 -135
737 373
738 -803
738 -144
739 -169
739 -131
741 -775
741 -719
741 278
743 373
744 -147
744 -99
745 -717
745 -127
747 330
747 336
748 268
748 374
749 979
750 325
750 343
752 -714
752 345
752 376
753 -150
754 -122
755 -773
755 261
755 320
755 348
756 378
758 380
759 -803
759 -712
759 350
760 384
760 384
761 317
762 258
763 -119
763 351
763 389
764 -154
765 259
766 -712
766 394
767 -771
768 259
768 353
769 315
769 396
770 -881
770 -155
770 -117
771 260
771 397
773 -714
773 262
773 354
773 397
774 -859
774 380
774 382
774 385
775 263
775 377
775 390
775 394
776 -156
776 -118
776 265
776 376
777 268
777 270
778 315
778 374
779 -800
779 -768
779 -717
779 -174
779 272
779 355
780 -156
780 373
781 -120
782 372
783 -155
783 275
784 -722
784 371
785 -153
785 -125
785 355
787 -727
787 -150
787 -131
788 -737
788 -734
788 -145
788 -139
788 -139
788 -106
788 -42
788 -24
788 -10
788 317
788 914
789 -766
789 -740
789 1
790 -742
791 -745
791 9
791 276
793 -746
793 14
793 339
793 343
793 355
793 370
794 319
795 -748
796 -763
796 16
797 -749
798 321
799 -796
799 -749
799 333
799 368
800 17
800 346
800 357
800 971
801 -749
801 -87
801 -81
801 -74
801 -67
801 -61
801 323
802 -761
802 -95
802 -92
802 -56
802 -53
802 278
802 331
803 -750
803 -97
803 -51
803 325
803 329
803 360
803 366
804 -759
804 -751
804 -97
804 -51
804 327
804 363
805 -757
805 -752
805 -96
805 -52
805 15
806 -755
806 -753
806 -93
806 -93
806 -55
807 -88
807 -84
807 -64
807 -59
808 -79
808 -74
808 -69
809 14
810 -894
813 16
813 349
815 -790
815 261
815 278
816 22
818 32
818 135
818 135
819 47
819 69
819 98
826 -180
829 -782
830 -875
832 279
832 350
836 -34
836 -6
836 29
837 -54
837 73
838 -69
838 105
839 -773
840 134
841 -78
841 161
842 -768
842 185
843 205
844 -763
844 -83
844 220
845 230
846 -757
846 -132
846 -127
846 -124
846 235
847 -905
847 -690
847 -120
848 -750
848 -137
848 -85
849 -743
849 -117
850 -736
850 -729
850 -722
850 -142
850 904
851 -113
851 279
852 311
852 313
852 315
853 309
853 317
854 -148
854 -85
854 306
854 318
854 962
855 304
855 319
856 -807
856 -803
856 -800
856 -108
857 -810
857 301
857 319
857 350
858 -813
858 -796
858 -87
859 299
859 319
860 -157
860 -102
861 -816
861 -792
861 -89
861 297
861 318
862 -97
862 -93
863 296
863 317
864 -819
864 -788
864 -788
865 -163
865 295
865 316
867 -820
867 294
867 314
869 -821
869 235
869 294
869 312
870 -781
870 -168
870 294
870 309
872 -821
872 295
872 307
873 278
873 296
873 298
873 302
873 305
874 -820
874 -185
874 -169
874 300
874 300
875 -777
876 -817
876 -682
876 -681
877 -679
878 -814
878 -168
879 -774
879 -684
879 -678
880 -810
881 -806
881 -165
882 -915
882 -891
883 -686
884 -803
884 -772
884 -676
884 -160
884 -103
884 -103
885 -105
885 -102
887 -800
887 -152
888 -772
888 -106
888 350
889 -688
889 -146
889 -100
890 -797
890 -674
890 -674
891 -142
892 -28
892 -20
892 -13
892 -7
893 -795
893 -774
893 -690
893 -108
893 -36
893 -2
893 -2
894 -43
895 -139
895 -99
895 -51
896 -692
896 -672
896 -58
896 11
897 -793
898 -852
898 -66
898 19
899 -855
899 -777
899 -695
899 -169
899 -165
900 -850
900 -792
900 -160
900 -109
900 -71
900 22
901 -720
901 -715
901 -698
901 -671
901 -137
901 -74
902 -711
902 -701
902 -173
902 -156
902 -98
902 -73
902 20
903 -725
903 -708
903 -705
903 -68
903 -60
903 13
904 -792
904 -672
904 -49
904 -34
904 2
905 -857
905 -857
905 -730
905 -14
905 278
906 -781
907 -849
907 -736
907 -176
907 -154
908 -673
908 -110
908 896
909 -792
909 -136
909 953
910 -784
910 -676
911 -742
911 -97
912 -680
913 -924
913 -860
913 -791
913 -787
913 -686
913 -153
914 -177
915 -791
915 -788
915 -748
915 -693
916 -790
916 -700
916 -111
917 -705
918 -848
919 -709
919 -135
920 -753
920 -153
921 -189
921 -96
921 -25
922 -712
922 -26
922 -26
923 -179
924 -24
925 -863
925 -714
925 348
926 -111
926 234
927 -761
927 -155
929 -905
929 -715
929 278
930 -23
931 -136
933 -95
934 -847
934 -714
936 -767
936 -180
936 -158
936 -29
937 -111
938 -23
939 -931
940 -713
941 -868
943 -640
943 -638
944 -643
944 -643
944 -636
944 -162
945 -645
945 -95
946 -772
946 -712
947 -634
947 -137
947 278
948 -647
948 -111
949 -22
950 -648
950 -164
951 -633
952 -180
953 -712
954 -649
956 -846
956 -632
957 -649
957 -95
958 -776
958 -137
958 -111
958 -31
959 -936
959 -165
959 888
960 -872
960 -649
961 280
962 -712
962 -631
962 -22
964 -649
965 -191
965 345
965 944
968 -648
968 -165
968 -139
968 -110
968 -96
969 -631
971 -917
971 -647
972 -712
972 -180
973 -780
973 284
974 72
975 -646
975 71
975 71
975 254
976 -109
976 72
977 -940
977 -97
977 -21
978 -646
978 -631
978 -163
978 -140
980 73
981 -878
982 -846
982 -647
982 289
983 -713
984 -108
985 -648
985 -632
985 -98
985 -33
986 -142
986 74
987 -180
987 -160
988 -650
988 68
990 -633
990 -106
991 -652
992 -784
992 -99
992 297
993 -655
993 -143
993 -21
994 -714
994 74
994 939
995 -945
995 -658
995 -635
995 -157
995 -105
996 -100
997 -660
997 342
998 -638
998 -145
998 -103
998 -102
999 -661
1000 -661
1000 -641
1000 -153
1001 -660
1001 -658
1001 -147
1002 -654
1002 -650
1002 -645
1002 -180
1002 -149
1003 -192
1003 75
1003 307
1005 -883
1005 65
1005 231
1006 -846
1006 -716
1006 880
1010 -21
1011 252
1011 315
1012 -929
1013 -34
1014 -950
1014 75
1015 -180
1016 -788
1017 -718
1018 321
1021 339
1023 63
1023 303
1024 302
1024 306
1024 326
1025 311
1025 935
1026 -181
1026 -22
1026 75
1026 302
1027 328
1028 -847
1028 304
1028 317
1029 -889
1029 -720
1029 323
1029 328
1030 326
1032 -191
1033 -955
1033 307
1036 -182
1037 335
1038 311
1039 75
1040 -723
1040 -34
1040 -22
1042 62
1044 -791
1044 -183
1046 319
1046 331
1049 -941
1049 -848
1049 325
1050 -189
1050 -184
1050 75
1050 250
1051 873
1052 -960
1052 -725
1053 -185
1053 -23
1055 -894
1056 930
1059 -69
1059 -67
1060 -72
1060 -71
1060 -65
1060 62
1061 -63
1061 -63
1061 74
1062 -73
1062 -34
1063 -727
1063 -74
1063 -61
1064 -59
1064 -25
1065 -74
1067 -74
1067 -57
1068 -850
1069 -965
1069 -164
1069 -56
1070 -170
1070 -156
1070 -147
1070 -73
1070 73
1071 -174
1071 -54
1072 -72
1073 -729
1073 -134
1073 -26
1074 -795
1074 -178
1074 -53
1074 63
1075 -71
1076 -123
1076 -53
1077 -598
1077 -598
1077 -180
1077 -69
1077 -32
1077 72
1078 -601
1078 -52
1079 -603
1079 -594
1079 -67
1079 -28
1080 -900
1080 -53
1081 -115
1081 -65
1082 -951
1082 -821
1082 -730
1082 -605
1082 -181
1082 -63
1082 -53
1082 -30
1083 -54
1083 70
1084 -592
1084 -61
1084 -59
1084 -57
1084 -56
1084 64
1085 -970
1085 -852
1085 -606
1086 -110
1087 -181
1087 69
1087 925
1088 67
1089 -731
1089 -608
1089 345
1089 351
1090 341
1090 357
1091 -592
1091 -377
1091 248
1091 364
1092 -181
1092 -107
1092 338
1093 -609
1093 -399
1093 369
1093 867
1095 -732
1095 -344
1096 336
1096 374
1097 -179
1098 -975
1098 -797
1098 -609
1098 -107
1098 226
1099 -854
1099 -44
1099 -43
1100 -733
1100 -46
1100 -38
1100 334
1101 -648
1101 -648
1101 -647
1101 -646
1101 -645
1101 -47
1101 378
1102 -595
1102 -177
1103 -650
1103 -644
1103 -610
1103 -48
1104 -837
1104 -837
1104 -830
1104 -414
1104 -301
1105 -905
1105 -650
1105 -643
1105 -111
1105 -48
1105 -34
1106 -735
1106 -175
1106 334
1106 381
1107 -651
1107 -281
1107 -48
1108 -643
1110 -960
1110 -651
1110 -118
1110 -47
1111 -737
1111 -263
1111 -171
1112 -857
1112 -643
1112 -46
1113 -832
1113 -651
1113 -122
1113 384
1114 -612
1114 -31
1114 333
1115 -246
1115 -125
1116 -798
1116 -651
1116 -643
1116 -600
1116 -168
1116 921
1117 -739
1117 -127
1117 -46
1118 -981
1118 -127
1119 -650
1119 -230
1119 -126
1120 -643
1120 -164
1120 -124
1120 -48
1121 -861
1121 -121
1121 334
1121 386
1122 -891
1122 -845
1122 -742
1122 -649
1122 -217
1122 -117
1123 -893
1123 -643
1123 -159
1123 -98
1123 -52
1124 -59
1125 -648
1125 -644
1125 -206
1125 -82
1125 -69
1126 -890
1126 -647
1126 -617
1126 -422
1127 -746
1127 -646
1127 -645
1127 -199
1127 -29
1127 334
1128 -895
1128 -153
1129 -911
1129 -833
1129 -195
1130 -864
1130 -798
1131 388
1131 388
1131 862
1132 -967
1132 -749
1132 -606
1132 336
1133 245
1134 -985
1134 -148
1134 -125
1135 -889
1135 338
1136 -753
1137 -897
1138 -625
1138 341
1138 390
1139 -97
1140 -756
1140 345
1141 -867
1141 -797
1141 -191
1141 349
1141 355
1142 -144
1142 360
1142 918
1143 -318
1143 -81
1143 364
1144 -760
1144 -338
1144 368
1145 -294
1145 -28
1146 -972
1146 391
1147 371
1148 -988
1148 -889
1148 -763
1148 -352
1148 -68
1149 -636
1149 -268
1150 -900
1150 -795
1150 373
1151 -916
1151 -616
1152 -765
1152 -142
1153 -852
1153 -835
1153 375
1153 392
1154 -975
1154 -889
1154 -871
1154 -58
1155 -249
1156 -792
1156 -767
1158 -989
1158 -362
1158 376
1159 -648
1160 -769
1160 393
1161 -889
1162 -981
1162 -787
1162 -425
1163 -770
1163 -234
1163 376
1164 -988
1164 -51
1164 857
1165 -783
1165 394
1165 915
1166 -986
1166 -770
1167 -875
1167 -660
1167 -141
1167 376
1168 -903
1168 -890
1168 -780
1168 -771
1168 -29
1169 -777
1170 -921
1170 -775
1170 -773
1170 -772
1170 395
1171 -190
1171 377
1172 -673
1172 -627
1173 -368
1174 -892
1174 -696
1174 -685
1174 396
1175 243
1175 378
1176 -706
1176 -224
1176 396
1177 -46
1178 -715
1178 379
1178 396
1179 -905
1179 396
1181 -893
1181 -723
1181 381
1181 395
1182 -879
1182 -632
1182 394
1183 -837
1183 383
1183 393
1184 385
1184 387
1184 389
1184 391
1184 912
1185 -729
1186 -895
1186 -141
1187 -925
1187 -906
1189 -993
1189 -991
1190 -995
1190 -990
1190 -734
1191 -897
1191 854
1192 -990
1193 -997
1193 -997
1193 -907
1193 -637
1193 -218
1193 220
1194 -857
1194 -737
1195 -1000
1195 -900
1195 -900
1195 -43
1196 -990
1196 -372
1197 -906
1197 -882
1197 -30
1198 -1001
1198 -902
1199 -928
1199 -120
1200 -906
1200 -904
1200 -738
1201 -1003
1201 -991
1203 -739
1204 -641
1205 -1004
1207 -993
1208 -1005
1208 -930
1209 -740
1211 852
1212 -1005
1212 -994
1212 -142
1213 -885
1213 -425
1214 -932
1215 -1005
1215 -645
1215 -189
1215 241
1216 -996
1216 -743
1216 376
1216 376
1217 374
1217 378
1218 -1004
1218 -838
1218 -216
1218 -41
1218 372
1219 -997
1219 380
1220 -1003
1220 370
1221 -999
1222 -1002
1222 -1000
1222 851
1222 908
1223 -933
1223 327
1223 329
1223 331
1223 369
1223 382
1224 -746
1225 326
1225 334
1226 -649
1226 -373
1226 -118
1226 367
1227 -888
1227 384
1228 326
1228 338
1229 -786
1229 -785
1230 -788
1230 -788
1230 -784
1230 366
1232 -935
1232 -789
1232 -783
1232 341
1233 -32
1233 385
1234 -790
1234 -783
1234 -750
1234 326
1234 850
1235 366
1236 -790
1236 -651
1237 -782
1237 346
1238 -725
1238 -721
1238 -717
1239 -791
1239 -731
1239 -728
1239 -714
1239 366
1239 386
1240 -782
1240 -734
1240 -712
1241 -736
1242 -935
1242 -891
1242 -861
1242 -791
1242 -710
1243 -738
1244 -782
1244 -755
1244 -739
1244 -709
1244 -143
1244 325
1245 -790
1245 -653
1245 352
1246 -740
1246 365
1246 387
1247 -709
1247 -40
1248 -790
1248 -782
1248 -116
1250 -709
1250 -216
1251 -789
1251 357
1252 -936
1252 -783
1252 365
1253 -787
1253 -672
1253 -671
1253 -670
1253 -653
1253 238
1254 -783
1254 -710
1254 -673
1254 361
1254 387
1255 -786
1255 -784
1255 -760
1255 -669
1255 364
1256 -785
1256 363
1257 -894
1257 -839
1257 -673
1257 -667
1257 848
1258 -711
1258 325
1259 -674
1261 -711
1261 -665
1262 -675
1262 -654
1262 387
1263 -935
1264 -743
1264 -711
1264 -677
1264 -113
1265 -663
1265 -144
1266 -765
1266 -710
1266 -680
1266 -373
1267 902
1268 -707
1268 -683
1269 -704
1269 -687
1269 -654
1269 386
1270 -700
1270 -695
1270 -691
1271 -661
1271 -190
1273 -897
1274 -935
1274 -659
1274 -655
1275 -961
1275 -959
1276 -964
1276 -657
1276 -656
1276 -111
1276 324
1276 385
1277 -957
1279 215
1281 -956
1281 384
1282 -968
1282 -773
1282 -423
1283 -108
1284 -934
1284 -145
1285 -746
1285 -93
1285 382
1286 -954
1286 -373
1286 -95
1286 -91
1286 236
1287 -104
1287 380
1288 -901
1288 -100
1288 -89
1289 374
1289 377
1290 843
1291 -218
1291 369
1292 -953
1292 -88
1294 -933
1295 -969
1295 -779
1295 -707
1296 -864
1296 -700
1296 -86
1296 323
1297 -714
1298 -692
1298 364
1299 -953
1299 -840
1301 -145
1302 -721
1302 -85
1303 -905
1303 -685
1304 -933
1305 -373
1307 -783
1308 -953
1308 -748
1309 -679
1309 -85
1310 359
1312 -969
1312 -219
1313 -933
1313 -725
1315 -145
1316 -909
1316 -422
1317 -952
1317 -674
1317 -85
1317 234
1318 -786
1318 896
1319 321
1321 -933
1323 -373
1324 -952
1324 -121
1325 -127
1325 -115
1326 -145
1326 354
1327 -935
1327 -670
1327 -133
1328 -912
1328 -111
1329 -787
1329 -38
1330 -951
1330 838
1331 -968
1331 -139
1331 -84
1332 -107
1333 -936
1333 -750
1333 -728
1333 -669
1333 -221
1334 -145
1335 -950
1336 -938
1336 -192
1337 -916
1337 -143
1338 -948
1338 -144
1339 -941
1339 -106
1340 -946
1340 -944
1341 -786
1341 -667
1341 -372
1342 -106
1343 -841
1344 -81
1344 320
1345 -105
1345 351
1346 210
1346 233
1348 -103
1349 -421
1350 -800
1350 -666
1351 -965
1351 -101
1352 -222
1353 -865
1354 -784
1354 -99
1354 -76
1356 -372
1356 -96
1357 -921
1358 -93
1359 -730
1360 -751
1360 -89
1361 -665
1361 -86
1362 -69
1363 -83
1365 -81
1367 348
1368 -961
1368 -79
1369 -372
1369 -60
1369 318
1370 -781
1370 -223
1370 -78
1372 -664
1372 -78
1373 -49
1373 231
1373 888
1375 -78
1376 -36
1377 -115
1377 -111
1377 -111
1377 -108
1377 -79
1377 -21
1377 -21
1377 -17
1377 831
1378 -420
1378 -123
1378 -120
1378 -118
1378 -105
1378 -12
1378 -9
1379 -372
1379 -125
1379 -102
1379 -80
1379 -5
1380 -126
1380 -100
1380 -3
1380 -1
1381 -957
1381 -127
1381 -127
1381 1
1382 -127
1382 -98
1382 -79
1383 -76
1383 1
1384 -126
1384 -97
1384 0
1384 205
1385 -663
1385 -225
1385 -125
1385 -72
1385 -2
1386 -924
1386 -372
1386 -123
1386 -96
1386 -67
1386 -12
1386 -6
1387 -842
1387 -60
1387 -18
1388 -952
1388 -730
1388 -120
1388 -95
1388 -52
1388 -42
1388 -34
1388 -25
1389 -625
1389 -622
1389 -118
1390 -115
1390 -96
1391 -752
1391 -621
1391 -97
1391 346
1392 -628
1392 -628
1392 -111
1392 -98
1393 -778
1393 -371
1393 -108
1393 -105
1393 -102
1393 -100
1395 -630
1395 204
1396 -621
1397 -948
1397 -663
1397 229
1397 317
1398 -633
1398 -226
1399 -370
1403 -635
1404 -623
1405 -418
1405 -367
1405 203
1406 -195
1408 -638
1408 -227
1409 -965
1409 -663
1410 -962
1410 -864
1410 -362
1411 -967
1411 -960
1413 -958
1414 -641
1414 202
1415 -956
1415 -229
1415 -229
1416 -626
1416 -356
1417 -970
1417 228
1417 345
1418 -954
1418 -730
1419 -944
1419 -229
1420 -644
1421 -953
1421 -348
1422 -775
1422 203
1422 316
1423 -924
1424 -952
1424 -753
1424 -230
1426 -339
1427 -646
1427 -417
1428 -971
1428 -951
1428 -842
1428 -662
1428 -231
1429 204
1430 824
1431 -630
1431 -35
1431 -26
1431 -26
1432 -327
1432 -232
1432 -43
1432 -18
1432 880
1434 -951
1434 -649
1434 -13
1434 227
1435 -49
1435 344
1436 -317
1436 -233
1436 206
1438 -11
1439 -233
1440 -53
1441 -309
1442 -972
1442 -662
1442 -234
1442 -10
1442 208
1443 -234
1444 -727
1444 -415
1444 -303
1444 315
1445 -950
1445 -653
1445 -234
1445 227
1446 -11
1447 -790
1447 -299
1447 -236
1447 212
1448 -238
1448 -55
1449 -297
1449 -15
1450 -636
1450 -241
1450 343
1451 -661
1451 -297
1452 -939
1452 -300
1452 -245
1452 -21
1452 215
1452 226
1453 -656
1453 -308
1453 -304
1453 -249
1453 -34
1453 -28
1454 -310
1454 -254
1454 -39
1454 -37
1455 -773
1455 -311
1455 -259
1455 -40
1455 226
1456 -660
1456 -659
1456 -414
1456 219
1457 -310
1457 -265
1457 -39
1458 -800
1458 -307
1458 -270
1458 -36
1458 221
1458 226
1459 -273
1459 -273
1459 -57
1459 223
1459 224
1460 -949
1460 -754
1460 -302
1460 -272
1460 -32
1461 -412
1461 -268
1461 -262
1461 -253
1462 -973
1462 -246
1462 315
1463 -296
1463 -240
1463 -26
1463 428
1463 430
1463 430
1464 -861
1464 -724
1464 -410
1464 341
1464 426
1464 435
1465 -288
1465 -235
1465 424
1466 -843
1466 -789
1466 -404
1466 -20
1466 422
1466 438
1467 -281
1467 -231
1467 421
1468 -923
1468 -15
1469 -397
1469 -273
1469 -13
1469 420
1469 440
1470 -267
1470 -228
1471 -261
1471 -11
1471 419
1472 -387
1472 -256
1472 -248
1472 -247
1472 -246
1472 -14
1472 -12
1473 -252
1473 -249
1473 -244
1473 -226
1473 -58
1473 -27
1473 -23
1473 -18
1473 419
1473 440
1474 -242
1474 -30
1475 -720
1475 -375
1475 -33
1475 338
1475 419
1476 -241
1476 -36
1476 316
1477 -224
1478 -948
1478 -718
1478 -363
1478 -239
1478 -39
1478 419
1479 438
1480 -800
1480 -200
1480 -40
1481 -349
1481 -237
1482 -224
1482 -41
1482 418
1483 -716
1484 -689
1484 -334
1484 -234
1484 -42
1484 335
1485 -787
1485 -688
1485 435
1486 -860
1486 -687
1486 -41
1486 417
1487 -972
1487 -319
1487 -224
1487 317
1487 815
1488 -687
1488 -40
1489 -772
1489 -304
1489 -231
1490 -716
1490 -692
1490 -686
1490 -39
1490 331
1490 416
1491 -754
1491 -225
1491 871
1492 -290
1492 -229
1492 -58
1492 -36
1493 -687
1493 -225
1493 319
1493 430
1494 -227
1494 -226
1494 -33
1494 326
1494 415
1495 -934
1495 -277
1495 321
1496 -687
1496 -30
1497 -266
1497 -27
1498 -947
1498 -716
1498 -23
1498 414
1499 -844
1499 -688
1499 -256
1500 -17
1501 -800
1501 -248
1501 -13
1501 424
1502 -785
1502 -652
1502 -243
1502 -10
1502 413
1503 -698
1503 -689
1503 -10
1503 -10
1504 -17
1504 -13
1505 -237
1505 -23
1506 -858
1506 -31
1507 -717
1507 418
1508 -690
1508 -58
1508 339
1508 339
1508 347
1508 353
1508 411
1509 -37
1510 -233
1510 328
1510 358
1512 -40
1512 410
1512 415
1513 361
1514 -692
1514 319
1515 410
1515 412
1516 -972
1516 410
1517 -755
1517 -719
1517 -41
1518 -783
1518 364
1519 -771
1519 -230
1520 -40
1520 312
1521 -945
1521 -694
1521 -58
1522 -919
1522 -799
1522 -705
1523 -856
1524 -37
1526 -845
1526 -32
1526 307
1526 365
1527 -24
1527 55
1527 55
1528 -17
1528 53
1528 57
1529 -722
1529 -13
1529 52
1529 59
1530 -696
1530 -57
1530 50
1530 61
1531 -781
1532 -12
1532 50
1532 62
1533 305
1534 -229
1534 49
1534 64
1535 -14
1536 365
1537 -756
1537 -55
1537 49
1537 65
1538 -855
1538 -18
1539 -699
1539 306
1540 50
1540 65
1541 -798
1541 -725
1541 -23
1542 -779
1542 -772
1542 -53
1543 -31
1543 51
1543 65
1544 -49
1545 -944
1545 -711
1545 -45
1545 -40
1546 310
1546 807
1547 -929
1547 -847
1547 52
1547 65
1548 -702
1549 366
1550 -778
1550 54
1550 65
1550 862
1551 -970
1551 -853
1551 317
1552 -205
1552 55
1552 65
1553 320
1554 -777
1554 -757
1555 -774
1555 -729
1555 56
1555 64
1556 323
1557 -228
1557 58
1557 64
1558 -797
1558 -704
1558 59
1558 63
1558 326
1559 60
1559 61
1559 62
1560 -851
1560 -567
1560 -562
1561 -848
1561 -670
1561 -571
1561 -205
1561 329
1562 365
1563 -557
1563 -28
1563 -26
1563 -24
1564 -29
1564 -22
1564 331
1565 -850
1565 -574
1565 -20
1565 -20
1566 -849
1566 -759
1566 -30
1566 -18
1567 -717
1567 -552
1567 -552
1567 -31
1567 332
1568 -707
1568 -707
1568 -16
1568 312
1569 -550
1569 -205
1569 -31
1569 -14
1569 315
1569 333
1570 -942
1570 -942
1570 308
1570 432
1570 432
1571 -576
1571 -97
1571 -93
1571 -89
1571 -89
1571 -85
1571 -13
1571 430
1571 436
1572 -733
1572 -549
1572 -102
1572 -99
1572 -82
1572 -79
1572 -31
1572 -11
1572 319
1572 333
1572 365
1572 429
1572 438
1573 -795
1573 -103
1573 -78
1573 304
1574 -761
1574 -104
1574 -78
1574 -30
1574 -10
1574 323
1574 427
1575 -548
1575 -104
1575 -78
1575 -10
1575 333
1575 440
1576 -205
1576 -80
1576 -29
1576 -10
1576 326
1576 333
1577 -710
1577 -103
1577 -83
1577 -28
1577 -10
1577 426
1578 -102
1578 -86
1578 -10
1578 328
1578 330
1578 332
1579 -764
1579 -577
1579 -548
1579 -99
1579 -97
1579 -92
1579 -89
1579 -26
1579 -13
1579 -11
1579 300
1579 440
1580 -94
1580 -24
1580 -16
1580 -14
1580 363
1581 -770
1581 -768
1581 -594
1581 -594
1581 -591
1581 -22
1581 -20
1581 -18
1581 424
1582 -773
1582 -602
1583 -548
1583 -205
1583 439
1584 -794
1584 -775
1584 -590
1585 -913
1585 -713
1585 -610
1585 361
1585 423
1586 -778
1587 -722
1587 296
1588 -548
1589 -779
1589 -589
1589 -578
1589 -228
1589 -204
1589 357
1589 422
1589 437
1590 -618
1591 344
1591 352
1592 -792
1592 -781
1592 -739
1592 -715
1592 -548
1592 303
1592 334
1593 -203
1594 422
1595 434
1596 -782
1596 -626
1597 -549
1597 -201
1598 -790
1598 -718
1598 292
1599 -200
1600 -782
1600 -591
1600 421
1602 -788
1602 -725
1602 430
1603 -720
1603 -632
1604 -783
1605 -924
1605 -787
1605 421
1605 798
1606 -783
1606 -580
1606 427
1607 -785
1607 -784
1607 -722
1608 -196
1608 422
1608 853
1609 -725
1609 -723
1609 425
1610 -637
1610 422
1610 424
1612 287
1613 -89
1613 -89
1614 -745
1614 -90
1614 -88
1615 -594
1615 -91
1615 -87
1617 -641
1618 -92
1618 -86
1621 -93
1621 -86
1623 -967
1624 -689
1624 -642
1625 -94
1625 -85
1626 -193
1629 -96
1629 -85
1629 850
1631 -229
1634 -585
1634 -97
1634 -85
1637 -939
1637 -751
1638 -643
1638 -599
1639 279
1640 -98
1640 -85
1645 -99
1645 -85
1650 -99
1650 -85
1651 -193
1651 846
1655 -99
1655 -86
1656 -905
1659 -99
1659 -87
1660 -648
1660 789
1661 -758
1662 -98
1662 -89
1664 -97
1664 -90
1666 -566
1666 -96
1666 -92
1667 -94
1669 -606
1669 -592
1670 -919
1674 273
1675 296
1675 843
1679 -194
1686 -963
1686 -764
1686 -708
1686 -231
1687 -654
1694 -153
1694 -152
1695 -936
1695 -154
1695 -152
1699 -155
1699 -151
1699 840
1704 -157
1705 -151
1707 -197
1709 -770
1709 -616
1709 -601
1709 -158
1709 -71
1710 -71
1710 -70
1711 782
1712 -150
1713 -159
1713 -72
1713 -69
1715 268
1717 -72
1717 -68
1718 -662
1718 -161
1721 -150
1722 837
1723 -581
1723 -163
1723 -73
1723 -66
1723 292
1727 -165
1727 -65
1728 -148
1728 -73
1730 -63
1731 -201
1731 -168
1732 -777
1732 -75
1733 -146
1733 -60
1735 -170
1735 -78
1736 -57
1737 -895
1737 -143
1737 -82
1738 -172
1738 -54
1739 -960
1739 -915
1739 -138
1739 -87
1740 -233
1740 -50
1741 -174
1741 -131
1741 -123
1741 -102
1741 -94
1741 -46
1742 -726
1742 -111
1742 -42
1742 -37
1743 -33
1744 -176
1744 -29
1744 834
1745 -934
1745 -25
1746 -176
1747 -626
1747 -22
1749 -205
1749 -176
1749 -19
1750 -611
1751 -670
1751 -176
1751 -16
1753 -14
1754 -175
1755 -783
1755 775
1756 -173
1756 -13
1757 -211
1757 -171
1757 264
1758 -144
1758 -15
1760 -19
1761 -217
1761 -166
1761 -75
1761 -25
1762 -59
1762 -45
1762 -34
1763 -913
1763 289
1764 832
1766 -162
1767 -221
1768 -593
1770 -891
1772 -161
1775 -788
1775 -223
1779 -636
1779 -160
1782 -956
1782 -679
1782 -234
1782 830
1784 -223
1786 -933
1786 -911
1786 -161
1787 -621
1787 363
1787 369
1787 376
1787 376
1787 383
1787 389
1788 355
1788 359
1788 394
1788 397
1789 353
1789 399
1790 -740
1790 353
1790 399
1791 354
1791 398
1792 357
1792 395
1793 -222
1793 362
1793 366
1793 386
1793 391
1793 770
1794 -794
1794 -164
1794 371
1794 376
1794 381
1795 285
1796 262
1797 -888
1797 -147
1802 -219
1803 -169
1804 -604
1805 -645
1806 -909
1807 828
1809 -687
1809 413
1810 -213
1810 412
1810 415
1810 417
1811 -799
1811 -175
1811 410
1811 419
1811 419
1812 409
1813 -235
1813 421
1814 409
1814 423
1816 -952
1816 408
1816 425
1817 -179
1817 158
1817 160
1817 160
1817 165
1817 427
1818 -934
1818 -207
1818 155
1818 409
1819 -886
1819 -630
1819 152
1819 169
1819 201
1819 202
1819 428
1820 199
1820 282
1820 409
1820 429
1821 -183
1821 148
1821 171
1821 203
1821 766
1822 -202
1822 410
1822 430
1823 145
1823 197
1823 430
1824 -907
1824 -751
1824 -197
1824 -186
1824 172
1824 204
1824 412
1824 429
1824 430
1825 -803
1825 142
1825 413
1825 428
1826 -654
1826 -193
1826 -190
1826 415
1826 427
1826 826
1827 139
1827 194
1827 194
1827 417
1827 419
1827 421
1827 423
1827 425
1829 -613
1829 172
1829 204
1829 261
1830 136
1831 -695
1833 131
1834 -234
1834 170
1835 -886
1835 -806
1835 190
1835 205
1836 123
1837 -150
1838 -697
1838 112
1838 278
1839 -905
1840 -948
1840 -13
1840 96
1840 167
1840 204
1840 823
1841 -935
1841 -808
1841 -756
1841 -663
1841 -637
1841 22
1841 51
1841 76
1841 187
1841 763
1842 -201
1842 -197
1843 -205
1843 -194
1844 -209
1844 -191
1845 -757
1845 -699
1845 -638
1845 -185
1845 204
1846 -887
1846 -810
1846 -213
1847 -621
1847 -232
1847 -173
1847 163
1847 185
1848 -639
1848 -217
1849 -760
1849 -156
1849 203
1849 762
1849 820
1850 -903
1850 -811
1850 -700
1850 -221
1850 275
1851 -639
1851 -134
1851 159
1851 184
1851 264
1851 763
1852 -763
1852 -672
1852 -108
1852 202
1853 -810
1853 -700
1853 -230
1853 764
1854 -889
1854 -767
1854 -639
1854 -226
1854 -78
1855 -944
1855 -937
1855 151
1855 185
1855 200
1855 767
1855 816
1856 -809
1856 -700
1856 -638
1856 -627
1856 -46
1856 771
1857 -901
1857 -806
1857 -772
1857 -13
1857 139
1857 187
1857 272
1858 -893
1858 -777
1858 -698
1858 -681
1858 -637
1858 33
1858 123
1858 198
1858 776
1858 810
1859 -941
1859 -899
1859 -801
1859 -796
1859 -788
1859 -782
1859 -695
1859 -691
1859 -635
1859 -633
1859 70
1859 100
1859 190
1859 194
1859 196
1859 268
1859 781
1859 787
1859 793
1859 803
