-1328 1035
-1328 1045
-1328 1054
-1328 1285
-1327 1027
-1327 1061
-1326 1022
-1326 1066
-1326 1213
-1326 1227
-1326 1227
-1325 1195
-1325 1202
-1324 1191
-1323 1019
-1323 1070
-1323 1190
-1323 1193
-1322 1199
-1321 1207
-1319 1072
-1319 1219
-1318 1018
-1318 1228
-1315 1235
-1314 1074
-1312 1018
-1312 1240
-1308 1243
-1307 1075
-1303 1019
-1301 1244
-1299 1075
-1297 1142
-1297 1152
-1297 1163
-1296 1090
-1296 1174
-1295 1184
-1294 1193
-1293 1075
-1293 1200
-1292 1207
-1292 1245
-1290 1021
-1290 1212
-1290 1212
-1287 1076
-1287 1135
-1286 1219
-1283 1023
-1283 1155
-1283 1220
-1281 1076
-1281 1174
-1281 1215
-1281 1245
-1280 1191
-1280 1205
-1276 1077
-1275 1024
-1272 1078
-1269 1080
-1267 1025
-1266 1081
-1265 1083
-1264 1086
-1262 1092
-1261 1100
-1260 1026
-1259 1111
-1258 1123
-1256 1137
-1254 1152
-1253 1026
-1253 1167
-1247 1027
-1246 1245
-1242 1027
-1238 1027
-1226 1126
-1226 1135
-1226 1145
-1226 1156
-1225 1027
-1225 1166
-1224 1175
-1223 1080
-1223 1184
-1221 1191
-1219 1198
-1209 1224
-1198 1133
-1198 1144
-1198 1154
-1197 1123
-1197 1163
-1197 1172
-1196 1114
-1196 1180
-1195 1187
-1194 1026
-1194 1107
-1194 1192
-1193 1196
-1192 1101
-1191 1198
-1191 1198
-1190 1097
-1187 1093
-1187 1202
-1184 1118
-1184 1127
-1183 1091
-1183 1112
-1183 1139
-1183 1204
-1181 1155
-1180 1108
-1180 1204
-1179 1171
-1179 1200
-1178 1184
-1178 1194
-1177 1106
-1173 1089
-1171 1105
-1164 1105
-1163 1090
-1155 1106
-1152 1092
-1148 1109
-1147 1026
-1142 1114
-1141 1096
-1137 1122
-1133 1132
-1132 1102
-1130 1145
-1129 1160
-1128 1177
-1128 1183
-1127 1188
-1126 1193
-1125 1108
-1125 1197
-1123 1200
-1121 1203
-1120 1116
-1119 1204
-1118 1124
-1118 1128
-1118 1133
-1117 1139
-1117 1205
-1116 1146
-1115 1153
-1114 1160
-1114 1204
-1113 1167
-1112 1174
-1112 1203
-1111 1181
-1111 1200
-1110 1187
-1110 1193
-1110 1197
-1098 1103
-1097 1106
-1097 1160
-1096 1099
-1096 1155
-1095 1109
-1095 1168
-1092 1150
-1091 1095
-1090 1176
-1089 1111
-1087 1026
-1084 1147
-1083 1091
-1082 1111
-1081 1187
-1081 1187
-1077 1167
-1076 1164
-1076 1172
-1074 1089
-1074 1194
-1073 1109
-1073 1146
-1072 1161
-1071 1178
-1066 1160
-1064 1090
-1064 1199
-1063 1108
-1063 1185
-1060 1187
-1058 1145
-1056 1160
-1056 1189
-1054 1108
-1054 1202
-1053 1080
-1053 1092
-1052 1190
-1051 -429
-1051 -418
-1051 -408
-1050 -439
-1050 -397
-1050 1145
-1048 -449
-1048 -385
-1047 1191
-1047 1220
-1046 -459
-1046 -376
-1045 1110
-1044 -367
-1044 1162
-1044 1204
-1043 -358
-1042 -470
-1042 1096
-1042 1144
-1042 1192
-1041 -351
-1040 -344
-1039 -479
-1039 -422
-1039 -339
-1039 -335
-1038 -409
-1038 -332
-1037 -488
-1037 -435
-1037 -329
-1037 1192
-1036 -399
-1036 1114
-1036 1143
-1034 -497
-1034 -325
-1034 1205
-1033 -449
-1032 -506
-1032 1101
-1032 1191
-1031 -515
-1031 1163
-1030 -391
-1030 -319
-1030 1142
-1029 -523
-1029 -389
-1029 1118
-1028 -542
-1028 -536
-1028 -530
-1028 -386
-1027 -547
-1027 -463
-1027 1190
-1026 -382
-1025 -553
-1025 -378
-1025 1141
-1025 1203
-1024 -373
-1024 -368
-1023 -559
-1023 -362
-1023 -357
-1023 -349
-1023 -312
-1023 1123
-1022 1108
-1022 1188
-1021 -343
-1021 1140
-1020 -565
-1020 -476
-1020 1163
-1019 -338
-1019 1130
-1019 1138
-1018 -555
-1018 -545
-1018 1136
-1018 1187
-1018 1199
-1017 -570
-1016 -332
-1016 -303
-1015 1187
-1015 1219
-1014 1026
-1014 1116
-1013 -575
-1013 -536
-1013 1187
-1012 -328
-1012 1194
-1011 -564
-1011 -488
-1011 1161
-1011 1188
-1011 1189
-1011 1191
-1009 -579
-1008 -294
-1008 1125
-1006 -323
-1006 1157
-1003 1135
-1002 -496
-1002 1080
-1002 1144
-1002 1151
-1000 -573
-1000 -526
-999 -319
-998 -284
-997 -586
-996 -503
-995 -523
-992 -520
-992 -509
-991 -315
-990 -517
-990 -513
-990 1095
-988 -274
-984 -579
-984 -312
-984 1126
-984 1218
-983 1133
-982 1140
-981 1147
-980 1154
-979 1160
-978 -308
-978 -264
-978 1166
-978 1171
-978 1176
-978 1179
-977 -595
-977 1183
-975 1186
-973 -304
-973 1190
-970 1192
-968 -301
-968 -253
-968 1121
-968 1126
-968 1131
-968 1171
-967 1135
-967 1165
-967 1195
-966 1116
-966 1176
-965 1138
-964 -583
-964 -297
-964 1113
-964 1197
-962 1081
-962 1141
-962 1160
-961 -294
-961 1110
-960 1181
-960 1198
-960 1198
-959 -290
-959 -242
-958 -287
-958 -285
-958 1143
-956 -282
-956 1107
-956 1217
-953 -280
-953 1145
-953 1155
-952 -605
-951 -231
-951 1105
-951 1184
-949 -278
-949 1201
-948 478
-948 507
-947 1097
-947 1146
-946 538
-944 -221
-944 449
-944 1104
-943 -277
-941 -585
-941 571
-940 1146
-940 1152
-939 -212
-939 1203
-938 422
-938 1185
-937 -276
-936 490
-936 1102
-935 -204
-935 516
-935 1097
-934 465
-933 -585
-933 -197
-933 605
-932 1185
-932 1216
-931 -275
-931 542
-931 1025
-931 1081
-930 442
-930 617
-930 1203
-929 -477
-929 395
-928 -479
-927 630
-927 1101
-926 -160
-926 1098
-926 1186
-925 -586
-925 -476
-925 569
-925 644
-924 -614
-924 420
-923 -483
-923 -275
-923 658
-922 1203
-921 672
-921 1100
-921 1187
-920 411
-920 1098
-919 -132
-919 686
-918 698
-918 709
-917 -587
-917 -475
-917 369
-917 595
-917 733
-917 1099
-917 1099
-917 1188
-916 402
-916 1203
-914 -275
-913 -109
-913 1132
-913 1133
-913 1148
-913 1189
-912 -488
-912 395
-912 756
-912 1130
-912 1134
-912 1201
-911 1214
-910 -589
-910 1083
-910 1134
-910 1191
-909 1129
-909 1193
-909 1198
-908 -1187
-908 -1162
-908 389
-908 1195
-907 -276
-907 194
-907 351
-907 1134
-906 -1210
-906 -1137
-906 164
-906 620
-906 779
-905 -475
-905 -91
-905 385
-905 1127
-903 -591
-903 227
-903 1135
-902 -1232
-902 -1114
-902 138
-901 -277
-901 382
-900 336
-900 1124
-899 1137
-898 381
-897 -593
-897 188
-897 262
-897 801
-896 -1250
-896 -1094
-896 -279
-896 -248
-896 -239
-896 -75
-896 162
-896 381
-896 1140
-895 -495
-895 -476
-895 323
-895 1085
-895 1122
-895 1213
-894 -622
-894 -230
-894 114
-893 -595
-893 -281
-893 -257
-893 215
-893 278
-893 369
-893 373
-893 383
-893 1144
-892 138
-892 312
-892 376
-892 383
-891 290
-891 302
-891 365
-891 379
-891 383
-890 -597
-890 -283
-890 381
-890 382
-890 383
-890 1119
-890 1149
-889 -286
-888 -1077
-888 -290
-888 -265
-888 -221
-888 359
-887 -296
-887 240
-887 1088
-887 1116
-887 1155
-886 -476
-886 -366
-886 -301
-886 820
-885 -1275
-885 -600
-885 -361
-885 -61
-885 1163
-885 1212
-884 -371
-884 117
-884 353
-884 664
-884 1113
-883 -353
-883 -303
-883 93
-883 1171
-882 1092
-882 1178
-881 -373
-881 1109
-881 1185
-881 1211
-881 1211
-880 -270
-880 -214
-880 1098
-880 1102
-880 1106
-880 1192
-880 1198
-880 1203
-880 1207
-880 1210
-879 -304
-879 347
-878 -603
-878 -478
-878 263
-877 -1062
-877 -374
-875 -304
-875 -210
-875 -154
-875 103
-875 709
-874 -341
-874 341
-874 694
-874 726
-874 837
-873 -504
-873 -504
-873 -132
-872 637
-872 682
-872 744
-871 -480
-871 -207
-871 -175
-870 -373
-870 -301
-870 -273
-870 -45
-869 -606
-869 76
-868 -203
-868 -183
-868 630
-868 673
-868 763
-867 -189
-867 334
-866 -1050
-866 -629
-866 -199
-866 -195
-866 281
-865 -483
-865 -110
-865 619
-864 -297
-864 -274
-864 90
-864 669
-863 782
-863 1090
-863 1097
-863 1106
-862 -370
-862 1083
-862 1085
-862 1115
-862 1126
-861 851
-861 1138
-860 604
-859 -487
-859 -291
-859 -276
-859 1150
-858 -1243
-858 -1190
-858 -1179
-858 -1167
-858 670
-858 798
-858 1081
-857 -1156
-857 -608
-857 324
-856 -1144
-856 -329
-856 -287
-856 -277
-856 670
-855 -1133
-855 588
-854 -1123
-854 -1041
-854 -491
-854 -284
-854 -279
-853 -1114
-853 -281
-853 669
-853 1210
-852 -1106
-852 -366
-852 -90
-852 293
-852 811
-851 -27
-850 -1097
-850 62
-850 79
-850 569
-850 665
-849 -496
-849 317
-849 1080
-847 -1090
-847 296
-847 860
-846 661
-846 821
-845 -1084
-844 -501
-844 -363
-844 311
-844 549
-843 -611
-843 -515
-843 299
-842 -633
-842 306
-842 655
-841 -1080
-841 303
-840 -1034
-840 863
-840 1025
-840 1095
-839 -506
-839 528
-839 827
-838 -361
-838 648
-836 -1078
-835 -72
-835 71
-835 1079
-834 -509
-834 -318
-834 640
-834 1126
-833 507
-833 507
-833 1133
-832 -360
-832 866
-832 1140
-831 -8
-831 832
-831 1147
-830 -1076
-830 50
-830 632
-830 1154
-829 1160
-828 -1200
-828 -1186
-828 -1167
-828 -1155
-828 -613
-828 485
-828 1166
-828 1171
-828 1176
-828 1179
-827 -1143
-827 -1133
-827 -512
-827 -359
-827 1183
-826 -1211
-826 -1124
-826 623
-825 -1115
-825 -1030
-825 1186
-824 -1218
-824 -1109
-823 -1104
-823 -635
-823 -360
-823 869
-823 1190
-822 834
-821 -1222
-821 -1217
-821 -1102
-821 -1102
-821 -1075
-821 463
-821 614
-820 -515
-820 1192
-818 -362
-818 64
-818 1078
-818 1121
-818 1126
-818 1130
-818 1165
-818 1169
-818 1173
-817 -1098
-817 606
-817 1135
-817 1162
-817 1195
-816 -525
-816 -58
-816 6
-816 41
-816 1116
-816 1176
-816 1285
-815 -1224
-815 -1156
-815 -636
-815 440
-815 1138
-815 1159
-814 -1096
-814 1113
-814 1179
-814 1197
-813 -1136
-813 -517
-813 -365
-813 598
-813 871
-812 -1097
-812 -615
-812 1141
-812 1157
-811 -1120
-811 -1109
-811 -1101
-811 -1075
-811 835
-811 1110
-811 1181
-810 1198
-810 1198
-809 -1029
-809 -309
-809 592
-809 1143
-809 1156
-808 -1225
-808 -370
-808 16
-808 33
-808 418
-807 1183
-806 1107
-805 -518
-805 25
-805 587
-805 1144
-805 1156
-803 -637
-803 719
-803 721
-802 583
-802 715
-802 715
-802 721
-802 872
-802 1184
-801 -376
-801 397
-801 1105
-800 720
-799 -1225
-799 59
-799 581
-799 834
-799 1145
-799 1156
-799 1201
-798 700
-798 716
-798 1216
-797 -519
-797 579
-797 1077
-797 1097
-795 -617
-795 576
-795 711
-795 1185
-794 -381
-794 -48
-794 378
-794 1104
-793 -1225
-793 572
-793 1145
-793 1157
-792 -533
-792 684
-792 704
-791 -1031
-791 567
-791 873
-790 -519
-790 562
-789 -384
-789 556
-789 1203
-788 -1210
-788 -639
-788 362
-788 543
-788 550
-788 695
-788 1145
-788 1158
-788 1185
-787 -1224
-787 -1172
-787 832
-787 1217
-786 -1181
-786 -1162
-786 519
-786 669
-786 1102
-785 -1187
-785 -1150
-785 -384
-785 1097
-784 -1192
-784 -1135
-784 -1135
-784 -302
-784 300
-784 301
-783 -520
-783 297
-783 349
-783 686
-783 1146
-783 1159
-782 -1194
-782 -382
-782 302
-782 492
-782 1185
-781 -1223
-781 874
-780 -1208
-780 -379
-780 293
-780 301
-780 1203
-779 -1195
-779 56
-779 655
-779 677
-779 1146
-779 1159
-778 -373
-778 -365
-778 -361
-777 -1194
-777 -1075
-777 -618
-777 -357
-777 1101
-776 -1222
-776 -522
-776 -354
-776 289
-776 333
-776 1098
-776 1186
-775 -1193
-775 300
-775 462
-775 828
-775 1148
-775 1158
-775 1218
-774 -1207
-774 -351
-774 668
-773 -1191
-773 -538
-773 1077
-772 -1035
-772 -348
-772 643
-772 1149
-772 1158
-772 1203
-771 -1220
-771 -1187
-771 -45
-771 298
-771 320
-771 874
-771 1100
-771 1187
-770 -1184
-770 282
-770 660
-770 1098
-770 1150
-770 1157
-769 -1207
-769 -1179
-769 -642
-769 -523
-769 -347
-769 1152
-769 1155
-768 -1175
-768 -1169
-768 -1164
-768 1154
-767 -1218
-767 -1159
-767 -45
-767 298
-767 311
-767 1099
-767 1099
-767 1188
-766 -1243
-766 -1155
-766 -345
-766 277
-766 300
-766 304
-766 633
-766 653
-766 824
-766 1203
-765 -1207
-765 -1152
-764 -1216
-764 429
-764 1219
-763 -1150
-763 -525
-763 -345
-763 1189
-762 -1214
-762 -1208
-762 -44
-762 271
-762 647
-762 1201
-761 -1211
-761 -1209
-761 -1150
-761 -298
-761 793
-761 799
-760 627
-760 1191
-759 -1150
-759 642
-759 786
-759 803
-759 819
-759 874
-759 1193
-759 1198
-758 -621
-758 -541
-758 -527
-758 -43
-758 265
-758 1195
-757 55
-757 777
-757 806
-756 -1151
-756 -348
-756 625
-756 638
-755 -1039
-754 -1152
-754 -1143
-754 -1140
-754 -1136
-754 -42
-754 259
-754 625
-754 635
-754 814
-754 1220
-753 -1132
-753 -530
-753 766
-753 810
-752 -1153
-752 -1146
-752 252
-752 394
-752 626
-752 632
-751 -1153
-751 -1149
-751 -1128
-751 627
-751 628
-751 630
-750 -1153
-750 -1152
-750 -1151
-750 -532
-750 -356
-750 -41
-750 246
-749 -1123
-749 -541
-748 -646
-748 228
-748 234
-748 240
-747 -1243
-747 -39
-747 220
-747 223
-747 753
-746 -1196
-746 -1182
-746 -1119
-746 -538
-746 218
-746 875
-746 1077
-745 -37
-745 218
-745 1221
-744 -367
-744 1025
-743 -1115
-743 -449
-743 -299
-743 -35
-743 219
-742 -1167
-742 -462
-742 55
-741 -1208
-741 -33
-741 221
-741 738
-740 773
-739 -381
-739 -31
-739 765
-738 -623
-738 -436
-738 225
-738 780
-737 -1109
-737 -1041
-737 -473
-737 1143
-737 1163
-737 1222
-736 -397
-736 -29
-736 228
-736 357
-736 1115
-736 1127
-735 -840
-735 -425
-735 756
-735 1108
-735 1178
-734 -411
-734 -304
-734 1104
-734 1104
-733 -1151
-733 -28
-733 230
-732 -1217
-732 -306
-732 718
-732 877
-732 1108
-732 1189
-731 787
-731 1115
-731 1223
-730 -874
-730 -27
-730 56
-730 229
-729 -1105
-729 -810
-729 -308
-729 1125
-728 -1242
-728 -484
-728 745
-728 1193
-727 -1180
-727 -882
-727 227
-727 517
-727 518
-727 518
-726 -1194
-726 -310
-726 -26
-726 519
-726 1223
-725 -890
-725 516
-724 -1163
-724 -650
-724 520
-724 704
-724 739
-723 -899
-723 -312
-723 223
-723 516
-723 1193
-722 -25
-722 1160
-722 1223
-721 -1205
-721 -907
-721 521
-721 793
-720 -1041
-720 -915
-720 516
-720 733
-719 -1223
-719 -1134
-719 -1134
-719 -1102
-719 -922
-719 -313
-719 -25
-719 57
-719 216
-719 523
-718 -933
-718 -928
-718 -626
-718 319
-718 693
-718 1077
-718 1222
-717 -938
-717 515
-717 525
-717 546
-717 549
-717 551
-717 553
-717 728
-717 880
-717 1187
-716 -1145
-716 -943
-716 553
-715 -493
-715 -314
-715 -25
-715 515
-715 527
-715 542
-714 -949
-714 207
-714 499
-714 501
-714 503
-714 514
-714 530
-714 533
-714 536
-714 539
-714 553
-714 722
-714 1221
-713 498
-713 505
-712 -1212
-712 -785
-712 497
-712 507
-712 509
-712 511
-712 512
-712 552
-712 686
-711 -1241
-711 -956
-711 -315
-711 -24
-711 58
-711 717
-710 496
-710 713
-710 1175
-710 1219
-709 -1136
-709 195
-709 551
-708 -1123
-708 -432
-708 -22
-708 495
-708 707
-708 709
-708 838
-708 839
-708 1133
-707 -963
-707 -552
-707 -427
-707 838
-706 -553
-706 -551
-706 -438
-706 -315
-706 495
-706 549
-706 682
-706 837
-706 1216
-705 -1099
-705 -420
-705 61
-705 703
-705 801
-705 837
-704 -550
-704 -20
-704 844
-703 -1040
-703 -970
-703 -554
-703 496
-703 549
-703 838
-702 -1225
-702 -1213
-702 -445
-702 -410
-702 178
-702 884
-702 1121
-702 1158
-702 1213
-701 -1131
-701 -17
-701 838
-700 -655
-700 -315
-700 63
-700 497
-699 -835
-699 -548
-699 -499
-699 -14
-699 549
-699 839
-699 1209
-698 -1115
-698 -977
-698 -843
-698 -629
-698 -554
-698 681
-697 -397
-697 -10
-697 278
-697 700
-697 841
-697 1113
-696 -827
-696 -314
-696 67
-696 161
-696 500
-696 550
-695 -1240
-695 -849
-695 -450
-695 -6
-695 850
-695 1205
-695 1205
-694 -2
-694 71
-693 -983
-693 -545
-693 -545
-693 504
-693 1108
-692 -1128
-692 -383
-692 -312
-692 144
-692 552
-691 -1110
-691 -820
-691 -554
-691 -263
-691 -254
-691 -248
-691 2
-691 83
-691 1199
-690 -308
-690 -275
-690 -243
-690 127
-690 508
-689 -1208
-689 -1038
-689 -543
-689 -303
-689 -287
-689 96
-689 555
-689 681
-688 -989
-688 -853
-688 -296
-688 -240
-688 5
-688 111
-688 1107
-687 -1222
-687 -765
-687 513
-687 844
-687 1194
-686 -455
-686 -367
-686 559
-686 888
-686 1122
-685 -1098
-685 -555
-685 -542
-685 -239
-685 699
-685 810
-684 -1107
-684 9
-684 518
-684 1108
-684 1192
-683 -1128
-683 -996
-682 -813
-682 563
-681 -1239
-681 -540
-681 -239
-681 -195
-681 524
-681 1191
-680 -633
-680 -503
-680 -198
-680 -191
-680 858
-679 -1002
-679 -556
-679 -349
-679 -202
-679 -188
-679 11
-679 567
-679 1112
-678 -1106
-678 -1034
-678 -539
-678 -205
-678 1077
-678 1192
-677 -855
-677 -184
-677 683
-676 -1195
-676 -241
-676 238
-676 536
-675 -1130
-675 -1007
-675 -660
-675 -538
-675 -459
-675 -209
-675 -180
-675 1194
-674 572
-674 1120
-673 -1212
-673 -537
-673 -178
-673 14
-672 -1190
-672 -1108
-672 -1012
-672 -331
-672 -212
-671 -1029
-671 -536
-671 -176
-671 847
-670 -1237
-670 -1017
-670 -855
-670 -809
-670 -558
-670 -536
-670 -176
-670 699
-670 894
-670 1199
-669 -1184
-669 -1020
-669 -964
-669 -536
-669 -242
-669 -177
-669 -176
-669 576
-668 -1134
-668 -1023
-668 -186
-668 -183
-668 -180
-668 1130
-667 -832
-667 -537
-667 -188
-667 16
-667 548
-667 816
-666 -1178
-666 -1111
-666 -833
-666 -831
-666 -219
-666 -190
-666 684
-665 -856
-665 -808
-665 -538
-665 1205
-664 -191
-663 -1172
-663 -1141
-663 -910
-663 -833
-663 -636
-663 -462
-663 -242
-663 -192
-663 579
-663 868
-662 -1199
-662 -1166
-662 -859
-662 -830
-662 1163
-662 1163
-661 -1235
-661 -560
-661 -540
-661 -226
-661 63
-661 68
-661 74
-661 1141
-660 -1161
-660 -1155
-660 -1151
-660 -1151
-660 -1117
-660 -893
-660 -863
-660 -299
-660 -240
-660 -193
-660 17
-660 80
-660 206
-659 -1097
-659 -880
-659 -870
-659 -807
-659 -236
-659 -232
-659 58
-658 -542
-658 -505
-658 -193
-658 86
-657 -834
-657 53
-657 558
-657 583
-657 684
-657 1172
-657 1213
-656 -1234
-656 -828
-656 -192
-656 92
-656 1149
-654 -1182
-654 701
-653 -805
-653 -752
-653 -544
-653 -191
-653 46
-653 900
-652 99
-652 1180
-651 -1232
-651 -1130
-651 -563
-651 -505
-651 -189
-651 1153
-650 -834
-650 586
-650 684
-650 850
-649 -1164
-649 -547
-649 -464
-649 -187
-649 181
-649 1218
-648 -1230
-648 -1147
-648 -825
-648 -825
-648 -804
-648 -665
-648 -639
-648 -265
-648 -185
-648 40
-647 568
-647 1154
-647 1187
-646 -183
-646 -180
-646 -178
-646 -175
-646 -172
-646 -170
-646 -166
-646 683
-646 821
-646 1078
-646 1103
-646 1107
-646 1112
-646 1118
-645 -1229
-645 -163
-645 37
-645 115
-645 1099
-645 1125
-644 -550
-644 -507
-644 -160
-644 18
-644 588
-644 1097
-644 1152
-643 -803
-643 -157
-643 54
-643 160
-643 680
-643 877
-643 1137
-643 1146
-643 1193
-642 -1229
-642 -835
-642 -823
-642 -154
-642 35
-642 52
-642 1096
-641 -1230
-641 -566
-641 55
-641 129
-641 669
-641 675
-641 1222
-640 -151
-640 36
-640 44
-640 144
-640 655
-640 661
-639 -1231
-639 -802
-639 39
-639 649
-639 1095
-639 1198
-638 -1235
-638 -1232
-638 -554
-638 -148
-638 54
-638 643
-637 -836
-637 590
-637 704
-637 1096
-636 -1239
-636 -934
-636 -927
-636 -918
-636 -822
-636 -801
-636 -509
-636 -228
-636 -142
-636 575
-636 637
-636 1202
-635 -939
-635 -906
-635 -465
-635 1099
-634 -941
-634 51
-634 1204
-633 -893
-633 -838
-633 -800
-633 -135
-633 631
-633 1103
-632 -942
-632 1204
-632 1205
-632 1224
-631 -1242
-631 -874
-631 -843
-631 -642
-631 -570
-631 15
-631 1110
-631 1201
-630 -940
-630 -860
-630 -850
-630 -799
-630 -126
-630 625
-630 1118
-630 1196
-629 -821
-629 1127
-629 1181
-629 1189
-628 -937
-628 -558
-628 47
-628 592
-628 658
-628 1138
-628 1150
-628 1161
-628 1171
-627 -512
-627 -117
-627 620
-627 672
-627 852
-626 -1167
-626 -1158
-626 -1150
-626 -1150
-626 -1110
-626 -799
-625 -1176
-625 -1096
-625 -932
-625 -190
-625 503
-625 511
-625 518
-625 580
-625 823
-624 -1184
-624 -106
-624 524
-624 616
-624 644
-623 -1244
-623 -1192
-623 -926
-623 277
-623 279
-623 496
-623 531
-623 1224
-622 -1199
-622 -819
-622 8
-622 274
-622 708
-622 886
-622 1079
-621 -918
-621 -574
-621 -94
-621 42
-621 281
-621 594
-621 685
-620 -1205
-620 -910
-620 -798
-620 272
-620 485
-620 538
-619 -1210
-618 -900
-618 -670
-618 -515
-618 -82
-618 282
-618 544
-618 610
-617 -891
-617 -562
-616 -1216
-616 -880
-616 270
-616 582
-616 596
-615 -866
-615 -152
-615 -2
-615 474
-615 528
-615 605
-615 629
-615 1222
-614 -1220
-614 -1149
-614 -854
-614 -818
-614 519
-614 550
-613 -1245
-613 -797
-613 -56
-613 35
-613 283
-613 535
-613 599
-613 601
-612 -1222
-612 -845
-612 -744
-612 -16
-611 -34
-611 556
-611 695
-610 -1223
-610 -578
-610 -519
-610 268
-610 464
-610 508
-610 714
-610 1096
-610 1099
-609 -838
-609 -646
-609 540
-609 580
-609 1095
-609 1104
-608 -1221
-608 561
-607 -818
-607 284
-607 1095
-607 1111
-607 1219
-606 -833
-606 -797
-606 -114
-606 565
-606 578
-605 -1218
-605 28
-605 497
-605 569
-605 573
-605 576
-605 716
-604 -1244
-604 457
-604 543
-604 1097
-604 1119
-603 -567
-603 824
-603 1080
-602 -1188
-602 -524
-602 267
-602 853
-602 1098
-601 -1212
-601 -829
-601 615
-601 895
-601 1129
-600 -817
-600 -465
-600 285
-600 690
-600 1101
-600 1213
-599 -77
-599 544
-599 718
-598 -796
-598 -581
-598 487
-598 918
-598 1104
-597 451
-597 1210
-596 -1205
-596 670
-596 703
-596 1107
-596 1139
-595 -1242
-595 -826
-595 -507
-595 665
-594 -529
-594 -511
-594 -501
-594 -493
-594 1111
-594 1208
-593 -1199
-593 -817
-593 -42
-593 266
-593 545
-593 661
-593 720
-593 1115
-592 -484
-592 479
-592 1206
-591 285
-591 447
-591 658
-591 1150
-591 1150
-590 -474
-590 1082
-590 1206
-589 -1193
-589 -796
-589 -518
-589 607
-589 1124
-589 1206
-589 1208
-588 -824
-588 -571
-588 655
-588 1210
-588 1213
-587 -1239
-587 -463
-587 -5
-587 544
-587 590
-587 722
-586 446
-586 1219
-585 -1186
-585 -675
-585 10
-585 474
-585 670
-585 1161
-584 -817
-584 -585
-584 653
-583 -1235
-583 -451
-583 266
-583 901
-583 1130
-582 -650
-582 285
-582 824
-581 -1232
-581 -1179
-581 -1096
-581 449
-581 541
-581 723
-581 1085
-580 -822
-580 -796
-580 665
-580 1171
-579 -1230
-579 -1150
-579 -524
-579 -439
-579 450
-579 651
-579 1223
-578 473
-578 707
-578 853
-577 -1229
-577 -817
-577 -539
-577 450
-577 661
-576 -1172
-576 602
-576 1089
-576 1133
-575 -1229
-575 -1143
-575 -820
-575 473
-575 537
-575 723
-575 1181
-574 449
-574 650
-573 -817
-573 658
-573 1094
-573 1149
-573 1152
-573 1154
-573 1157
-572 -1229
-572 -1165
-572 -819
-572 266
-572 473
-572 1148
-572 1160
-571 -818
-571 -576
-571 448
-571 533
-571 533
-571 1025
-571 1099
-571 1146
-570 -1136
-570 286
-570 657
-570 723
-570 1145
-570 1163
-570 1189
-570 1225
-569 -1231
-569 -796
-569 -589
-569 -337
-569 472
-569 529
-569 1102
-569 1166
-568 -1158
-568 -907
-568 -891
-568 -4
-568 447
-568 650
-568 707
-568 1104
-568 1145
-568 1168
-567 -1232
-567 -921
-567 -399
-567 656
-567 1134
-566 -1130
-566 -875
-566 -528
-566 471
-566 525
-566 1105
-566 1145
-566 1171
-566 1196
-565 -934
-565 -744
-565 723
-565 1172
-564 -1152
-564 -860
-564 445
-564 520
-564 599
-564 657
-564 1104
-564 1146
-564 1174
-563 -1235
-563 470
-563 570
-563 1175
-562 -1125
-562 -942
-562 513
-562 821
-562 1102
-562 1148
-562 1175
-562 1201
-561 468
-561 650
-561 659
-561 1149
-561 1175
-560 -1146
-560 -848
-560 -848
-560 -796
-560 -298
-560 267
-560 442
-560 507
-560 704
-560 907
-560 1098
-560 1152
-560 1172
-560 1174
-560 1204
-559 -1237
-559 -1121
-559 722
-559 1133
-559 1154
-559 1168
-559 1171
-559 1225
-558 -945
-558 -843
-558 466
-558 500
-558 661
-558 1157
-558 1160
-558 1160
-558 1163
-558 1166
-558 1205
-557 -1140
-557 -840
-557 -547
-557 439
-557 852
-557 1093
-556 -1119
-556 -945
-556 463
-556 492
-555 -1135
-555 -839
-555 -592
-555 -351
-555 286
-555 461
-555 651
-554 -1239
-554 -944
-554 -839
-554 -581
-554 460
-554 485
-554 699
-554 720
-554 1201
-553 -1130
-553 -1118
-553 -841
-553 -797
-553 -31
-553 -15
-553 436
-553 461
-553 472
-553 478
-553 1088
-552 -1126
-552 -1118
-552 -942
-552 -845
-552 -654
-552 464
-552 467
-552 591
-552 669
-551 -1122
-551 -1120
-551 -939
-551 -850
-551 -680
-551 -257
-551 600
-551 1129
-550 -937
-550 -858
-550 -530
-550 653
-550 693
-550 717
-549 -933
-549 -866
-549 433
-549 677
-548 -930
-548 -926
-548 685
-548 1189
-547 -1240
-547 -920
-547 -872
-547 -799
-547 656
-547 714
-547 929
-547 1084
-547 1223
-546 -36
-546 553
-545 -914
-545 -877
-545 660
-545 709
-544 431
-544 667
-544 703
-544 816
-544 1123
-543 -801
-543 -298
-543 675
-543 685
-543 695
-542 -881
-542 -215
-542 1172
-541 -909
-541 -23
-540 -803
-540 -595
-540 850
-539 -1241
-539 -883
-539 -42
-539 287
-539 429
-539 593
-538 -1192
-538 -1177
-538 -1167
-538 -815
-538 -811
-538 -811
-538 -807
-538 604
-538 1081
-538 1114
-537 -1204
-537 -1157
-537 -1149
-537 -818
-537 -585
-537 1220
-536 -1213
-536 -1141
-536 -904
-535 -1134
-535 -821
-535 -553
-535 -176
-535 428
-535 911
-535 1110
-535 1153
-534 -1218
-534 -1128
-534 -884
-533 -1124
-533 -822
-533 -47
-533 1106
-532 -531
-532 -244
-532 533
-531 -1122
-531 -1122
-531 -28
-531 427
-531 1103
-530 -1222
-530 -1096
-530 -900
-530 -823
-529 -1241
-529 -1120
-529 1101
-529 1134
-529 1216
-528 -884
-528 -139
-528 -51
-528 810
-527 428
-527 1099
-526 -1119
-526 -823
-526 -597
-525 -1224
-525 597
-525 1097
-525 1116
-524 -1195
-524 -1190
-524 -56
-524 -29
-524 610
-524 1210
-523 -897
-523 -190
-523 -107
-523 428
-523 1079
-523 1097
-522 288
-522 1097
-522 1103
-522 1205
-521 -1118
-521 -823
-521 -59
-521 511
-521 845
-520 -1200
-520 -1184
-520 -883
-520 -82
-520 1202
-519 -1241
-519 -62
-518 -1225
-518 -1140
-518 -657
-518 -64
-518 -64
-518 -27
-518 1200
-517 -1146
-517 -685
-516 -1117
-516 -821
-516 1199
-515 -1135
-515 -896
-515 -141
-515 -22
-514 -1204
-514 -964
-514 -882
-514 -21
-514 437
-514 802
-513 -1180
-513 -1151
-513 -598
-513 -22
-513 489
-512 -530
-512 -26
-512 1200
-511 -751
-511 -558
-511 -31
-511 603
-510 -1117
-510 -591
-510 -100
-510 -38
-510 620
-509 -1225
-509 -1129
-509 -69
-509 -57
-509 -47
-509 450
-509 468
-509 913
-508 -880
-508 1202
-507 -1240
-507 -895
-507 1127
-507 1136
-506 -1207
-505 -896
-505 270
-505 1146
-504 -1154
-504 -897
-504 289
-504 1077
-504 1118
-503 -1225
-503 -1193
-503 -1177
-503 -1117
-503 -878
-503 836
-502 -899
-502 1205
-501 -902
-501 792
-501 1156
-500 -906
-500 1109
-499 -1125
-499 -910
-499 933
-498 -925
-498 -920
-498 -915
-498 -875
-498 403
-498 406
-498 612
-497 -1224
-497 -930
-497 -819
-497 394
-496 -1116
-496 -934
-496 -754
-496 408
-496 633
-496 1209
-495 -938
-495 -871
-495 409
-495 1167
-494 -1239
-494 -1207
-494 -941
-494 -600
-493 385
-493 1101
-492 -1174
-492 -943
-492 -866
-492 -528
-492 408
-491 -1223
-491 -1155
-491 -1097
-491 -596
-491 230
-490 -944
-490 638
-489 -1117
-489 -861
-489 780
-488 -1206
-488 -945
-488 222
-488 375
-488 407
-488 1133
-487 -855
-487 -560
-487 1123
-487 1146
-487 1179
-487 1179
-486 -1222
-486 -1122
-486 -944
-486 254
-486 256
-486 259
-486 290
-486 621
-485 -850
-485 214
-485 252
-485 262
-485 642
-485 824
-485 1096
-484 -941
-484 -847
-484 -689
-484 250
-484 404
-484 1115
-483 -1171
-483 -935
-483 -661
-483 265
-483 914
-483 1158
-482 -1206
-482 -1156
-482 -847
-482 206
-482 248
-481 -1220
-481 -928
-481 -855
-481 -850
-481 -756
-481 -601
-481 268
-481 366
-480 -920
-480 -863
-480 247
-480 645
-480 1215
-479 -1237
-479 -910
-479 -899
-479 -887
-479 -874
-479 -599
-479 271
-479 768
-479 1109
-479 1188
-478 -1206
-478 199
-478 401
-477 -1218
-477 -1167
-477 246
-477 272
-477 1076
-477 1093
-477 1169
-476 -1158
-476 245
-476 630
-476 648
-475 -1207
-475 193
-475 229
-475 231
-475 272
-474 -1216
-474 -1186
-474 -818
-474 -602
-474 227
-474 228
-474 232
-474 234
-474 243
-474 358
-473 -1208
-473 -1164
-473 -1160
-473 -601
-473 236
-473 242
-473 271
-473 650
-473 1105
-472 -1214
-472 -523
-472 187
-472 226
-472 238
-472 240
-472 396
-471 -1212
-471 -1210
-471 225
-471 268
-470 -1194
-470 640
-470 650
-470 755
-469 183
-469 225
-469 264
-469 650
-469 809
-469 1178
-468 292
-468 649
-468 1195
-467 259
-467 1092
-466 -1235
-466 -1184
-466 180
-466 225
-466 351
-466 392
-465 226
-465 255
-465 1104
-464 -758
-464 178
-464 251
-463 -1099
-463 226
-463 247
-463 741
-462 -1194
-462 176
-461 -561
-461 180
-461 183
-461 227
-461 243
-461 1186
-460 -1182
-460 175
-460 178
-460 228
-460 237
-460 240
-460 388
-459 -519
-459 175
-459 175
-459 176
-459 230
-459 231
-459 233
-459 233
-459 234
-459 347
-459 729
-458 -902
-458 -885
-458 188
-458 716
-458 1147
-458 1150
-458 1150
-458 1153
-457 -918
-457 -870
-457 913
-457 1093
-457 1106
-457 1145
-457 1156
-457 1201
-456 -1233
-456 704
-456 931
-456 1143
-455 -1195
-455 -933
-455 384
-455 1159
-455 1220
-454 -1179
-454 -858
-454 194
-454 792
-454 1141
-454 1161
-453 -1118
-453 -943
-453 -692
-452 345
-452 1140
-451 -852
-451 -852
-451 1162
-451 1191
-450 -949
-450 692
-449 -1230
-449 -1197
-449 -1175
-449 -850
-449 345
-449 381
-449 1140
-449 1164
-448 1096
-448 1110
-447 -950
-447 -819
-447 -760
-447 -664
-447 -515
-447 202
-446 -849
-446 344
-446 589
-446 1140
-446 1165
-445 -1199
-445 -1170
-445 -1103
-445 571
-445 600
-445 1204
-444 -1227
-444 -950
-444 379
-444 605
-443 343
-443 551
-443 607
-443 1026
-443 1141
-443 1165
-442 -1201
-442 -1164
-442 -921
-442 294
-442 608
-442 681
-442 1076
-442 1193
-441 -927
-441 -848
-441 606
-441 608
-441 773
-440 -1223
-440 -1205
-440 -950
-440 -915
-440 341
-440 596
-440 602
-440 1101
-440 1143
-440 1165
-439 -1219
-439 -1158
-439 -511
-439 211
-439 377
-439 529
-439 589
-439 1117
-438 -1214
-438 -1209
-438 -870
-438 339
-438 575
-437 -931
-437 -876
-437 1144
-437 1164
-436 -1150
-436 -847
-436 -559
-435 -1110
-435 -950
-435 -865
-435 337
-435 375
-435 1121
-435 1146
-435 1163
-435 1206
-434 509
-434 562
-434 910
-434 1108
-433 -909
-433 334
-433 671
-433 1192
-432 -1132
-432 -881
-432 -507
-432 331
-432 375
-432 1123
-432 1148
-432 1162
-431 -1119
-431 -762
-431 328
-431 1150
-431 1161
-430 -949
-430 -847
-430 220
-430 550
-430 752
-430 1116
-430 1124
-430 1191
-429 -859
-429 375
-429 1120
-429 1125
-429 1152
-429 1160
-428 -1037
-428 -1035
-428 -1033
-428 -934
-428 326
-428 490
-428 588
-428 1122
-428 1124
-428 1154
-428 1156
-428 1158
-427 -28
-427 586
-427 589
-427 1190
-426 -1222
-426 -1039
-426 -1031
-426 -502
-426 -32
-426 -26
-426 324
-426 373
-426 1205
-425 -1229
-425 -1213
-425 -1041
-425 -1029
-425 -37
-425 -27
-425 586
-425 591
-425 1190
-425 1223
-424 -948
-424 -695
-424 -45
-424 372
-424 540
-423 -902
-423 -884
-423 -847
-423 -29
-423 323
-423 477
-423 1190
-422 -1202
-422 -1042
-422 -1028
-422 -496
-422 369
-422 585
-422 664
-422 729
-421 295
-421 594
-421 1191
-420 -1236
-420 -822
-420 -33
-420 366
-420 1202
-419 -1043
-419 -1027
-419 -855
-419 -488
-419 230
-419 322
-419 363
-419 510
-419 718
-419 1192
-418 -947
-418 345
-418 355
-418 359
-418 470
-418 533
-418 922
-418 1193
-418 1195
-417 -1188
-417 -480
-417 339
-417 470
-417 585
-416 -1044
-416 -1026
-416 -846
-416 -763
-416 -88
-416 598
-415 -936
-415 -39
-415 321
-415 470
-415 708
-414 336
-414 471
-414 473
-414 487
-413 -1241
-413 476
-413 479
-413 483
-413 601
-413 906
-412 -1045
-412 -1025
-412 -945
-412 321
-412 660
-412 699
-411 -1173
-411 -667
-411 -442
-411 -142
-411 -44
-411 528
-411 631
-411 634
-411 638
-410 -896
-410 -886
-410 -555
-410 583
-410 605
-410 641
-409 -847
-409 337
-409 626
-408 -1045
-408 -1025
-408 644
-408 691
-407 -392
-407 -203
-407 240
-407 295
-407 322
-407 488
-407 608
-407 623
-406 -852
-406 -48
-406 270
-406 612
-406 619
-406 1111
-406 1113
-405 -332
-405 -268
-405 268
-405 527
-405 615
-405 1109
-404 -1244
-404 -1045
-404 -1025
-404 272
-404 482
-404 579
-404 647
-404 684
-404 1113
-403 269
-403 323
-403 660
-402 -1157
-402 -764
-402 1105
-402 1158
-402 1165
-401 -51
-401 276
-401 342
-401 679
-400 -1044
-400 -1026
-400 478
-400 1113
-400 1152
-399 270
-399 324
-399 530
-399 572
-399 650
-398 -697
-398 295
-398 676
-398 900
-398 900
-398 1076
-398 1173
-397 -1043
-397 -1027
-397 281
-397 1100
-396 -53
-396 474
-395 -1219
-395 -1216
-395 -826
-395 250
-395 323
-395 537
-395 563
-395 664
-395 675
-395 1149
-394 -1245
-394 -1221
-394 -1211
-394 -1042
-394 -1028
-394 1112
-393 -1222
-393 272
-393 286
-393 293
-393 322
-393 545
-393 554
-393 653
-393 675
-392 -1205
-392 -1138
-392 667
-392 1183
-392 1183
-392 1224
-391 -1221
-391 -1041
-391 -1029
-391 290
-391 320
-391 472
-391 669
-391 674
-390 -1198
-390 -1039
-390 -1031
-390 -765
-389 -1220
-389 -551
-389 -54
-389 318
-389 352
-389 671
-389 673
-389 674
-388 -1037
-388 -1035
-388 -1035
-388 -1033
-388 306
-388 310
-388 314
-388 1164
-387 -1218
-387 -118
-387 -107
-387 303
-387 1147
-387 1163
-387 1170
-386 -1189
-386 301
-386 471
-385 -97
-385 276
-385 892
-385 906
-385 1093
-385 1110
-385 1162
-384 -1215
-384 260
-384 299
-384 1191
-383 -1243
-383 -937
-383 -887
-383 -129
-383 660
-383 1176
-382 -1212
-382 -1180
-382 298
-382 1161
-381 -54
-380 -1118
-380 -89
-379 -1207
-379 297
-379 470
-378 1160
-377 -1171
-377 -669
-377 -608
-377 -608
-377 -337
-377 1182
-376 -1112
-376 -607
-376 -333
-376 -221
-376 -215
-376 -207
-376 -202
-376 -139
-376 298
-376 1146
-375 -340
-375 -225
-375 -196
-375 281
-375 589
-375 591
-375 1108
-374 -699
-374 -190
-374 270
-374 588
-374 593
-374 673
-374 882
-374 1197
-373 -1240
-373 -1198
-373 -848
-373 -831
-373 -327
-373 -229
-373 -185
-373 -144
-373 -83
-373 299
-373 587
-373 595
-373 1160
-372 -1161
-372 -1161
-372 -607
-372 366
-372 586
-372 597
-371 -1107
-371 -546
-371 -342
-371 -232
-371 -180
-371 -54
-371 471
-371 585
-370 -176
-370 -148
-370 599
-370 1091
-370 1186
-369 585
-369 601
-368 -320
-368 -234
-368 -172
-367 -1152
-367 -152
-367 286
-367 602
-367 1160
-366 -342
-366 -169
-366 -156
-366 279
-366 585
-366 603
-365 -1235
-365 -1191
-365 -1103
-365 -166
-365 -160
-365 301
-365 604
-364 -763
-364 -316
-364 -235
-364 -163
-364 -80
-364 586
-364 689
-364 870
-364 1108
-363 -606
-363 587
-363 605
-363 1190
-362 -905
-362 -896
-362 291
-362 472
-362 605
-362 605
-362 1147
-362 1202
-361 -1143
-361 -915
-361 -887
-361 -879
-361 -313
-361 588
-361 604
-361 1224
-360 301
-360 589
-360 603
-360 1161
-359 -872
-359 -235
-359 -52
-359 296
-359 591
-359 601
-359 602
-358 -1228
-358 -1100
-358 -965
-358 -867
-358 -837
-358 -470
-358 -340
-358 -311
-358 287
-358 299
-358 593
-358 595
-358 595
-358 597
-358 599
-358 884
-357 -1187
-357 -478
-357 -460
-356 -1154
-356 -1136
-356 -864
-356 -485
-356 709
-355 -1222
-355 -1158
-355 -1149
-355 -613
-355 -451
-355 -310
-355 857
-355 1110
-354 -1162
-354 -862
-354 -541
-354 -490
-354 520
-354 524
-354 527
-354 531
-354 1094
-354 1148
-354 1192
-353 -861
-353 -81
-353 293
-353 516
-353 534
-353 1162
-352 -1218
-352 -1164
-352 -1144
-352 -606
-352 -441
-352 -310
-352 512
-352 536
-351 -1130
-351 -860
-351 -701
-351 474
-351 1028
-350 -1216
-350 -1140
-350 -1098
-350 -858
-350 -843
-350 -493
-350 509
-350 539
-349 -1166
-349 -855
-349 -853
-349 -850
-349 -847
-349 -435
-349 -337
-349 -337
-349 -312
-349 -83
-349 299
-349 386
-349 540
-349 730
-349 1205
-348 -1215
-348 -1186
-348 -1138
-348 -235
-348 302
-348 505
-348 843
-347 -1125
-347 -430
-347 307
-347 541
-347 636
-347 1148
-346 -1216
-346 -1165
-346 -1136
-346 -494
-346 653
-346 1114
-346 1193
-345 -1136
-345 -672
-345 -314
-345 -84
-345 502
-345 541
-345 621
-344 -1218
-344 -1136
-344 391
-344 670
-344 1163
-343 -1138
-343 -1122
-343 -427
-343 475
-343 500
-343 540
-343 753
-343 828
-342 -1162
-342 -1162
-342 -335
-342 -85
-342 311
-342 1148
-341 -1222
-341 -1161
-341 -1140
-341 -317
-341 499
-341 538
-340 -1187
-340 -1159
-340 -1144
-340 -1121
-340 -535
-340 -49
-340 397
-340 604
-339 -1157
-339 -1154
-339 -1152
-339 -1149
-339 -1146
-339 -1097
-339 -759
-339 -86
-339 499
-339 691
-339 776
-339 813
-339 856
-339 1101
-339 1118
-338 -1228
-338 -1122
-338 -606
-338 -426
-338 -332
-338 -233
-338 535
-338 797
-338 1192
-337 -320
-337 474
-337 500
-337 1147
-337 1206
-336 -163
-336 -87
-336 403
-336 501
-336 531
-336 1164
-335 -161
-335 -88
-334 -330
-334 -323
-334 -164
-334 314
-334 504
-334 504
-334 528
-334 1191
-333 -1130
-333 -328
-333 -326
-333 -159
-333 -89
-333 -89
-333 -89
-333 -88
-333 409
-333 506
-333 524
-333 586
-333 1124
-333 1146
-332 -91
-332 472
-332 509
-332 513
-332 516
-332 520
-332 1222
-331 -1234
-331 -1191
-331 -704
-331 -427
-331 -165
-331 -94
-331 416
-331 716
-330 468
-330 838
-330 1144
-330 1164
-330 1191
-329 -493
-329 -231
-329 -156
-329 -97
-329 424
-329 462
-329 1131
-329 1142
-328 -966
-328 -917
-328 -890
-328 -529
-328 432
-328 441
-328 453
-328 1139
-327 -1142
-327 -101
-327 1191
-327 1205
-326 -1096
-326 -867
-326 -165
-326 1112
-325 -365
-325 -105
-325 739
-324 -1197
-324 -847
-324 -369
-324 -360
-324 -152
-324 1163
-324 1191
-323 -228
-323 564
-323 822
-322 -374
-322 -354
-322 -109
-322 -44
-322 117
-321 -1239
-321 -607
-321 -430
-321 108
-321 125
-321 317
-321 1192
-321 1202
-320 -1158
-320 -832
-320 99
-320 759
-320 1161
-320 1193
-319 -378
-319 -347
-319 -165
-319 -114
-319 132
-319 807
-318 -1206
-318 -523
-318 -224
-318 -148
-318 552
-318 776
-318 1194
-318 1196
-317 -753
-317 92
-317 792
-317 1159
-316 -820
-316 -675
-316 -206
-316 -202
-316 -199
-316 1124
-315 -1210
-315 -383
-315 -338
-315 -220
-315 -209
-315 -195
-315 -144
-315 -122
-315 137
-315 137
-314 -1175
-314 -706
-314 -215
-314 -191
-314 1155
-313 -1214
-313 -128
-313 87
-313 138
-313 539
-312 -187
-312 -165
-312 -140
-312 1151
-311 -1217
-311 -516
-311 -137
-311 -132
-311 1137
-311 1218
-310 -1096
-310 -811
-310 -183
-310 139
-309 -489
-309 525
-308 -1243
-308 -1219
-308 -1192
-308 -180
-308 85
-307 -434
-307 -387
-307 -166
-307 139
-306 -1221
-306 -38
-306 85
-305 -509
-305 -176
-305 320
-304 -1222
-304 -1206
-304 -618
-304 -166
-304 86
-304 510
-303 -1223
-303 -805
-303 -607
-303 -506
-303 -311
-303 -172
-303 -64
-303 -55
-303 139
-303 1285
-302 -1222
-302 -170
-302 -168
-302 87
-301 -1217
-301 -708
-300 -503
-300 138
-300 496
-300 1212
-299 -745
-299 -47
-299 89
-298 -1097
-298 221
-298 225
-298 225
-298 229
-298 1209
-297 -895
-297 -883
-297 -502
-297 91
-297 137
-297 217
-297 233
-297 481
-296 -963
-296 -914
-296 -905
-296 -872
-296 214
-296 236
-296 1205
-295 -1245
-295 -921
-295 -861
-295 211
-295 239
-295 1099
-295 1101
-294 -926
-294 -851
-294 -802
-294 -391
-294 -279
-294 -99
-294 93
-294 135
-294 208
-294 242
-294 468
-294 1098
-294 1103
-293 -930
-293 -929
-293 -843
-293 -501
-293 1097
-293 1105
-293 1105
-293 1200
-292 -928
-292 -30
-292 96
-292 207
-292 243
-292 456
-292 1096
-292 1107
-291 -924
-291 -836
-291 -709
-291 -677
-291 -39
-291 133
-291 1095
-291 1194
-290 205
-290 245
-290 1109
-289 -918
-289 -501
-289 16
-289 99
-289 433
-289 1032
-289 1095
-289 1111
-289 1188
-288 -1203
-288 -1192
-288 -831
-288 -484
-288 -441
-288 -441
-288 -246
-288 -136
-288 12
-288 131
-288 205
-288 245
-288 792
-287 -1212
-287 -1178
-287 -1097
-287 -911
-287 -711
-287 17
-287 810
-287 1112
-287 1181
-286 -962
-286 -827
-286 -827
-286 -737
-286 101
-286 205
-286 245
-286 415
-286 775
-286 1095
-286 1113
-285 -1218
-285 -1163
-285 -210
-285 -173
-285 130
-285 1114
-285 1174
-284 -906
-284 -502
-284 6
-284 207
-284 243
-284 1096
-283 -873
-283 -871
-283 -868
-283 -609
-283 104
-283 323
-283 831
-283 1097
-283 1115
-283 1167
-282 -1221
-282 -1146
-282 -1146
-282 -874
-282 -865
-282 -23
-282 17
-282 208
-282 242
-282 756
-282 1115
-282 1115
-282 1161
-281 -1245
-281 -861
-281 128
-281 211
-281 239
-281 401
-281 1098
-281 1114
-280 -1140
-280 -857
-280 -33
-280 214
-280 236
-280 1099
-280 1113
-280 1155
-279 -1134
-279 -960
-279 -900
-279 -852
-279 -822
-279 -728
-279 -719
-279 -503
-279 -444
-279 -392
-279 105
-279 217
-279 233
-279 1101
-279 1111
-279 1112
-278 -1220
-278 173
-278 180
-278 221
-278 225
-278 229
-278 1103
-278 1105
-278 1107
-278 1109
-277 -1129
-277 -875
-277 -847
-277 -2
-277 128
-277 166
-277 187
-277 854
-277 1149
-276 -1218
-276 -1124
-276 -1098
-276 -16
-276 391
-275 -799
-275 14
-275 160
-275 194
-274 -1215
-274 -1120
-274 -8
-274 107
-274 127
-274 735
-274 1144
-273 -958
-273 -895
-272 -1211
-272 -1118
-272 -839
-272 -505
-272 156
-271 -1206
-271 -1116
-271 -680
-271 198
-271 198
-271 1140
-270 -1201
-270 127
-270 200
-270 1245
-269 -1243
-269 -1195
-269 -1115
-269 -956
-269 -874
-269 -447
-269 108
-269 383
-269 878
-268 -1188
-268 -1182
-268 -819
-268 -479
-268 155
-268 200
-268 1138
-267 -1150
-267 -1116
-267 -29
-266 -1100
-266 -891
-266 9
-266 128
-266 201
-265 -1118
-265 -952
-265 1136
-264 -832
-264 108
-264 201
-264 714
-263 -947
-263 129
-263 1236
-262 -392
-262 156
-262 1135
-261 -1122
-261 -941
-261 200
-261 378
-261 902
-260 -934
-260 -450
-259 -1240
-259 -928
-259 -610
-259 108
-259 130
-259 199
-259 1135
-258 -886
-258 -870
-258 160
-257 -1126
-257 -1101
-257 -923
-257 -797
-257 198
-256 -816
-256 2
-256 131
-256 326
-256 1133
-256 1226
-255 -917
-255 -682
-255 118
-255 119
-255 121
-255 196
-254 -827
-254 -28
-254 108
-254 124
-254 131
-254 165
-254 1131
-253 -1132
-253 117
-253 130
-252 -1234
-252 -912
-252 -453
-252 126
-252 128
-252 129
-252 171
-252 191
-252 692
-252 1127
-251 -1232
-251 117
-251 376
-251 924
-251 1039
-250 -1103
-250 -474
-250 178
-250 185
-250 1123
-249 -1230
-249 -3
-249 107
-249 1118
-248 -1138
-248 -908
-248 -881
-248 -512
-248 118
-248 1077
-248 1106
-248 1112
-248 1215
-247 -1229
-247 -1174
-247 -864
-246 -684
-245 -1228
-245 -692
-245 -390
-244 -1105
-244 -904
-244 -825
-244 -456
-244 107
-243 -1229
-243 -1179
-243 -1145
-243 -815
-243 -698
-243 -686
-243 118
-242 -29
-241 -8
-241 1203
-240 -1230
-240 -1107
-240 -1107
-240 -900
-240 107
-240 945
-239 -1185
-239 -796
-239 375
-239 670
-239 792
-238 -1232
-238 -1153
-238 120
-237 -1110
-237 -703
-237 -458
-236 -858
-236 -469
-236 836
-235 -1234
-235 -1190
-235 -1111
-235 -898
-235 -875
-235 108
-234 -824
-234 -13
-234 1192
-233 -1112
-233 750
-232 -622
-232 -460
-232 122
-231 -1112
-231 -33
-231 -33
-231 109
-230 -1196
-230 -1112
-230 -815
-230 -611
-229 -1111
-229 -707
-229 962
-229 1049
-228 -1109
-228 -1106
-228 -895
-228 -464
-228 -462
-228 -387
-228 111
-228 123
-227 -1201
-227 -1104
-227 -851
-227 1180
-226 -826
-226 -17
-226 879
-225 113
-225 123
-224 -868
-224 -40
-223 -1206
-223 -1101
-223 -893
-223 -797
-223 115
-223 329
-223 649
-222 123
-222 376
-221 -1210
-221 118
-221 120
-221 122
-221 1169
-220 -964
-220 -844
-220 -831
-220 712
-219 -1242
-219 -893
-219 -21
-218 -1214
-218 -839
-218 -839
-218 -817
-218 -710
-218 -515
-217 -1099
-217 -51
-217 1064
-217 1159
-216 -926
-216 -895
-215 -914
-215 -905
-215 -898
-215 -861
-214 -1221
-214 980
-213 -1190
-213 -25
-212 -382
-211 329
-211 1146
-210 -1225
-210 -1153
-210 -68
-209 -1145
-209 -820
-209 1083
-208 -1138
-208 -1098
-208 -853
-208 -799
-208 379
-207 -1225
-207 -27
-207 630
-207 919
-207 1134
-206 -1132
-206 318
-206 319
-205 -1126
-205 -712
-205 304
-205 1092
-204 -1221
-204 -824
-204 302
-204 305
-204 316
-204 321
-204 1125
-203 -1121
-203 -846
-203 299
-203 1100
-202 -87
-202 -29
-202 305
-202 330
-202 1108
-202 1116
-201 -1214
-201 -1118
-201 -838
-201 -831
-201 97
-201 322
-200 -376
-200 94
-200 95
-200 98
-200 100
-200 102
-200 295
-200 314
-199 92
-199 105
-199 108
-199 304
-199 681
-198 -1203
-198 -1116
-198 111
-198 114
-198 117
-198 121
-198 121
-198 124
-197 -1245
-197 -1097
-197 -612
-197 91
-197 126
-197 291
-197 302
-197 386
-196 -1115
-196 -31
-196 128
-195 -1187
-195 -802
-195 -109
-195 90
-195 130
-195 324
-195 997
-194 -1116
-194 131
-194 300
-194 312
-194 330
-193 -367
-193 88
-192 -1167
-192 -1118
-192 131
-192 285
-191 -1155
-191 -1122
-191 -35
-191 297
-190 -1144
-190 -1135
-190 -1128
-190 -712
-190 87
-190 131
-190 311
-189 396
-188 -923
-188 -913
-188 -906
-188 -133
-188 130
-188 294
-188 326
-188 330
-187 -931
-187 -898
-187 -890
-187 -350
-187 279
-186 -936
-186 -882
-186 -40
-186 88
-186 310
-185 -939
-185 -875
-185 -515
-185 291
-184 -941
-184 -806
-184 -408
-184 328
-184 329
-183 -1096
-183 -868
-183 -417
-183 -397
-183 125
-183 329
-183 411
-182 -940
-182 -863
-182 -327
-182 -159
-182 -47
-182 91
-182 287
-182 310
-181 273
-181 953
-180 -937
-180 -858
-180 -858
-180 -424
-180 119
-179 -854
-179 -384
-179 -55
-179 96
-178 -299
-178 -184
-178 103
-178 111
-178 283
-178 310
-178 432
-177 -932
-177 -852
-177 -811
-177 -811
-175 -928
-175 -851
-175 -711
-175 -270
-175 -210
-175 -66
-175 265
-174 -852
-174 -239
-174 279
-174 458
-174 960
-174 1013
-173 -923
-173 -855
-173 -429
-173 310
-172 -916
-172 -861
-172 -359
-172 492
-171 -909
-171 -868
-171 -816
-171 -80
-170 -1244
-170 -901
-170 -893
-170 -877
-170 311
-170 658
-169 -885
-168 -1194
-168 -1185
-168 -1175
-168 -1160
-168 -96
-168 258
-168 276
-168 966
-167 -1203
-167 -1148
-167 -1095
-167 -326
-166 -1216
-166 -1210
-166 -1139
-166 313
-165 -1221
-165 -709
-165 585
-164 -1224
-164 -1132
-164 -819
-164 314
-163 -1225
-163 -432
-163 -287
-163 -126
-163 971
-161 -1126
-161 -613
-161 -245
-161 -162
-161 249
-161 274
-161 316
-160 -203
-158 975
-157 -1194
-157 -1122
-157 318
-157 968
-157 969
-156 -1198
-156 -1189
-156 -1182
-156 968
-156 971
-155 -1224
-155 -1201
-155 -822
-155 968
-155 977
-154 -1174
-154 241
-154 649
-154 975
-154 978
-153 -1167
-153 319
-153 970
-153 977
-152 -1203
-152 -1161
-152 -1118
-152 272
-151 -1155
-151 -708
-150 -1205
-150 -1149
-150 -512
-150 973
-150 1027
-149 -1144
-149 -626
-149 -434
-149 320
-148 -1140
-148 -1136
-148 -1134
-148 -1095
-148 232
-147 -1132
-147 -909
-147 -899
-147 -889
-147 977
-146 -1205
-146 -1130
-146 -1115
-146 -1115
-146 -960
-146 -880
-146 -871
-146 566
-145 -1220
-145 -864
-145 -824
-145 550
-145 581
-144 -1129
-144 320
-143 -858
-143 224
-143 534
-143 596
-142 -1238
-142 -853
-142 272
-141 -1128
-141 -851
-141 -851
-140 320
-140 607
-140 644
-138 -1204
-138 217
-137 -1126
-137 986
-136 -851
-136 503
-136 615
-135 -1111
-135 -922
-135 319
-134 -1214
-134 -707
-134 210
-133 -1126
-132 -825
-132 -435
-131 619
-130 271
-130 319
-129 -1199
-129 -855
-129 202
-128 -1125
-128 -747
-128 -745
-128 641
-127 -1108
-127 -750
-126 -752
-126 -743
-126 196
-126 404
-126 431
-126 617
-126 994
-125 -1095
-125 456
-124 -754
-124 1039
-123 -1207
-123 -1125
-123 -883
-123 -614
-123 30
-123 46
-123 193
-123 211
-123 215
-123 218
-123 378
-123 615
-122 -756
-122 -741
-122 17
-122 64
-122 207
-122 221
-121 -1193
-121 -862
-121 191
-121 203
-121 223
-121 476
-121 613
-120 -1107
-120 -757
-120 8
-120 191
-120 193
-120 197
-120 225
-119 85
-119 225
-118 -759
-118 357
-118 612
-117 -826
-117 1
-117 642
-116 -1230
-116 -1125
-116 -760
-116 271
-116 317
-116 489
-115 -739
-115 -705
-115 -434
-115 611
-114 -1185
-114 -1107
-114 222
-114 885
-113 -506
-113 -1
-113 1000
-112 -871
-112 541
-112 872
-111 -1199
-111 -1126
-111 140
-111 344
-111 611
-111 898
-110 -1108
-110 213
-109 490
-108 -1176
-108 0
-108 611
-107 -1128
-107 858
-106 -1096
-106 490
-105 -1111
-105 -738
-105 201
-105 611
-105 647
-104 911
-103 -1167
-103 -1130
-103 -881
-103 59
-103 62
-103 340
-103 492
-103 557
-102 -1
-102 53
-102 57
-102 64
-102 612
-102 612
-101 -1190
-101 -1133
-101 50
-101 66
-101 105
-101 847
-100 -1115
-100 -914
-100 67
-100 98
-100 185
-99 -1157
-99 -1136
-99 47
-99 321
-99 495
-99 1006
-98 -1147
-98 -1147
-98 -1141
-98 -827
-98 68
-98 91
-98 884
-98 1049
-97 43
-97 71
-97 75
-97 79
-97 85
-97 893
-96 -430
-96 572
-95 -920
-95 -891
-95 39
-95 168
-95 499
-95 613
-95 866
-94 -1219
-94 -1121
-94 -704
-94 -10
-94 36
-94 922
-93 -1182
-93 -737
-93 837
-93 902
-92 32
-92 339
-92 585
-92 655
-91 -1097
-91 -926
-91 28
-91 151
-91 610
-90 -900
-90 505
-89 22
-89 25
-89 134
-89 596
-89 605
-88 -1176
-88 -1127
-88 -909
-88 -907
-88 -762
-88 20
-88 113
-88 120
-88 851
-87 -910
-87 17
-87 103
-87 108
-87 910
-86 -931
-86 -912
-85 -913
-85 -24
-85 13
-85 101
-85 512
-84 -1166
-84 -914
-84 -615
-84 99
-84 829
-83 -1133
-83 8
-83 1010
-82 -914
-82 275
-81 -1159
-81 -936
-81 99
-81 931
-80 -1139
-80 -1099
-80 -915
-80 1
-80 328
-80 341
-80 520
-79 -1206
-79 -1152
-79 -1145
-79 -915
-79 100
-79 918
-78 -736
-78 667
-77 -940
-77 -914
-77 -498
-76 -827
-76 -6
-76 103
-76 840
-75 -912
-75 -425
-75 -42
-75 528
-74 -1193
-74 -1189
-74 -1186
-74 -1184
-73 -1182
-73 -943
-73 -909
-72 -1181
-72 -1101
-72 -703
-72 -14
-72 234
-72 239
-72 823
-71 -904
-71 105
-71 925
-70 -1180
-70 -944
-70 244
-70 1056
-69 -1180
-69 -898
-69 230
-68 -945
-68 -892
-67 -1181
-67 -22
-67 248
-67 939
-66 -1105
-66 -944
-66 -885
-66 347
-65 -877
-65 -63
-65 1013
-64 -941
-64 -868
-64 -629
-64 107
-63 -936
-63 -861
-63 -30
-63 227
-62 -1181
-62 -857
-62 -857
-62 -735
-62 251
-62 547
-61 -1110
-61 -930
-61 -868
-61 -861
-61 831
-61 930
-60 -922
-60 -913
-60 -903
-60 -893
-60 -878
-60 684
-59 338
-58 -1177
-58 -1116
-58 -964
-58 -39
-57 -826
-57 254
-57 818
-55 -1170
-55 -419
-55 -86
-54 -1126
-54 110
-54 225
-53 -1160
-53 -48
-52 -1149
-52 -1137
-52 355
-52 934
-51 693
-51 943
-50 -702
-49 256
-48 -57
-47 283
-47 567
-46 -108
-46 1014
-45 -616
-44 -66
-44 827
-43 -735
-43 225
-42 -487
-42 112
-42 935
-42 1061
-40 -827
-40 -130
-40 -75
-40 259
-40 702
-40 814
-39 351
-37 -1112
-37 -933
-37 -925
-37 -412
-37 -84
-37 367
-36 -1115
-36 -1107
-36 -939
-36 -914
-35 -1118
-35 -943
-35 943
-34 -1121
-34 -900
-34 -91
-33 -159
-33 -97
-32 -944
-32 -883
-32 -883
-32 934
-31 -1123
-31 226
-30 -875
-29 -868
-29 -108
-29 261
-29 587
-29 711
-28 -1124
-28 -1096
-28 -945
-28 -702
-28 114
-27 -862
-27 876
-27 877
-26 -944
-26 -195
-26 -116
-26 876
-26 1063
-25 -856
-25 -828
-25 827
-25 881
-25 1015
-24 -1125
-24 -942
-24 -851
-24 932
-23 -764
-23 380
-23 877
-23 886
-22 -939
-22 -848
-22 940
-21 -934
-21 -846
-21 -404
-21 -122
-20 -735
-20 -236
-20 811
-19 -1125
-19 -928
-19 -845
-19 880
-19 893
-18 -922
-18 -915
-18 366
-18 929
-17 -907
-17 -897
-17 -888
-17 -846
-17 719
-16 -883
-16 -124
-16 228
-15 -880
-15 -848
-15 264
-15 903
-14 -278
-14 -180
-14 -175
-14 -170
-14 -165
-14 884
-14 924
-13 -964
-13 -879
-13 -184
-13 116
-13 264
-12 -1125
-12 -829
-12 -190
-12 -159
-12 295
-12 911
-12 918
-12 936
-11 -880
-11 -852
-11 -195
-11 -123
-11 605
-11 1066
-10 -473
-10 -397
-10 -201
-10 -154
-10 263
-10 396
-9 -1085
-9 -213
-9 -207
-8 -1127
-8 -883
-8 -616
-8 -317
-8 -230
-8 -223
-8 -218
-8 262
-8 810
-8 1015
-7 -856
-7 -235
-7 -148
-6 727
-6 832
-5 -889
-5 -352
-5 -239
-5 261
-5 893
-5 929
-4 -1130
-4 -390
-4 -119
-3 -862
-3 -377
-3 -242
-3 -143
-2 -830
-2 259
-2 405
-1 -1135
-1 231
0 -1142
0 903
0 921
1 -1152
1 -734
1 -243
1 -138
1 256
1 383
1 912
2 -1243
2 -1184
2 -1166
2 -1107
2 -1105
2 -868
2 -7
2 -5
2 -5
2 -2
3 -1108
3 -1103
3 -467
3 -113
3 -9
3 -1
3 118
3 1070
4 -1102
4 -902
4 -701
4 -10
4 254
4 808
5 -1109
5 -832
5 0
5 233
5 735
5 1014
6 -1110
6 -133
6 -12
6 415
6 621
7 -1275
7 -1100
7 -875
7 -244
7 1
7 251
7 251
8 -13
9 -1110
9 -128
10 -1098
10 0
10 235
11 -1110
11 -835
11 -103
11 -14
11 247
12 -914
12 -883
12 841
13 -124
13 -15
13 -1
13 237
14 -1110
14 -1096
14 -838
14 -630
14 -463
14 -244
14 244
15 239
15 241
15 807
15 1013
16 -841
16 -119
16 -15
16 424
16 741
17 -1109
17 -1077
17 -3
17 1074
18 -843
18 -115
18 -96
18 402
19 -1094
19 -844
19 -15
20 -924
20 -845
20 -732
20 -111
20 120
21 -1108
21 -844
21 -843
22 -841
22 -837
22 -108
22 -105
22 -103
22 -16
22 -5
22 311
23 -963
23 -834
23 -460
23 -243
23 -101
23 634
23 1010
24 -1093
24 -100
25 -1108
25 -98
25 -92
25 -18
25 746
26 -832
26 -97
26 -8
26 434
26 805
27 -1111
27 -932
28 -96
28 -20
29 -1116
29 -700
29 1005
30 -1092
30 -1092
30 -95
30 -23
30 -11
30 416
30 855
30 1080
31 -1124
31 -830
31 -458
32 -1135
32 -95
32 -89
32 -26
33 -1166
33 -1149
33 -939
33 -242
33 -14
33 751
34 -95
34 -29
34 998
35 -1230
35 -1091
35 -33
36 -96
36 -18
36 442
36 642
36 804
37 -920
37 -38
38 -828
38 -730
38 -458
38 -398
38 -390
38 -98
38 -89
38 -44
38 -42
38 -21
39 -943
39 -379
39 -100
39 -45
39 243
39 249
39 988
40 -883
40 -404
40 -102
40 -44
40 -42
40 -38
40 -25
41 -875
41 -616
41 -366
41 -239
41 -105
41 -33
41 -29
42 -1090
42 -868
42 -111
42 -108
42 755
43 -945
43 -410
43 -119
43 237
43 256
44 -1167
44 -862
44 -348
44 -91
44 122
44 429
44 868
44 1087
45 -1070
45 -945
45 -856
45 -459
45 803
45 975
46 -127
46 450
47 -1150
47 -851
47 -415
47 645
48 -1090
48 -827
48 -326
48 -235
48 -95
49 -937
49 -848
49 759
50 -1135
50 -698
50 231
50 263
50 646
51 -134
51 -101
52 -962
52 -846
52 -462
52 -112
52 -110
52 802
53 -1124
53 -925
53 -115
53 330
54 -845
54 -227
54 648
54 882
54 951
55 -1089
55 -726
55 -118
55 457
55 1015
56 -1115
56 -908
56 -141
56 764
56 1002
57 -849
57 -121
57 801
58 -891
58 -874
58 -859
58 -421
58 651
58 1028
59 -123
59 441
59 1096
60 -1107
60 -826
60 -466
60 -274
60 226
60 269
60 896
60 931
61 -1088
61 -215
61 989
62 -146
62 -125
62 655
62 767
62 913
64 -1102
64 -127
64 123
64 463
66 660
66 1041
67 -1088
67 770
68 -696
68 -469
68 -199
68 -148
68 -129
69 -767
69 666
70 -1098
70 773
70 974
71 -130
72 -1087
72 -722
72 775
73 -961
73 -939
73 -148
73 -132
73 673
74 -1067
74 -942
74 276
74 452
74 850
74 852
74 855
74 858
74 862
74 1105
75 -1191
75 -1095
75 -932
75 -825
75 -629
75 -134
75 -61
75 -59
75 778
75 804
75 848
75 866
76 -1175
76 -221
76 -63
76 -62
76 -57
76 680
76 848
76 871
77 -1087
77 -941
77 -426
77 -176
77 -145
77 -136
77 -64
77 -55
77 -55
77 875
78 -471
78 -143
78 -141
78 -138
78 -53
78 848
78 879
78 1053
79 -1204
79 -617
79 -65
79 123
79 780
79 849
80 -1158
80 -920
80 -51
80 351
80 883
81 -65
81 851
82 -1092
82 -49
82 219
82 854
82 886
83 -1087
83 -692
83 -65
83 471
83 889
83 959
84 -936
84 -48
84 857
85 -64
85 695
85 782
85 891
86 861
86 892
87 -1090
87 -1087
87 -63
87 -47
87 865
87 865
88 -1215
88 -903
88 -147
88 869
88 892
89 -959
89 -46
89 283
89 462
89 874
89 892
90 -1141
90 -1089
90 -1087
90 -716
90 -62
90 878
90 882
90 885
90 888
90 890
91 -1088
91 -474
91 -45
91 123
92 -927
92 -825
92 -61
93 -1187
93 -45
93 1066
94 -1196
94 -1178
94 -169
94 -59
94 666
95 -45
95 667
95 784
95 947
96 -1168
96 -687
96 -57
96 664
96 817
97 -1203
97 -55
97 -46
98 -1067
98 -120
98 -53
98 -48
98 -47
99 -956
99 -882
99 -882
99 -51
99 -49
99 121
99 711
100 -1222
100 -430
100 663
101 -1158
101 1122
102 -1208
102 -918
102 373
103 -27
103 -25
103 469
103 478
104 -1125
104 -1125
104 -29
104 -25
104 215
105 671
106 -953
106 -618
106 -98
106 -33
106 -25
106 119
106 662
107 -476
107 295
108 -1147
108 938
109 -1212
109 -949
109 -709
109 785
110 -945
110 -911
110 -681
110 -37
110 -26
111 -825
111 -81
111 115
112 -1118
112 -942
112 -627
113 -120
114 -941
114 -884
114 -43
114 661
115 -1138
115 -1071
115 -888
115 -879
115 -68
115 111
116 -940
116 -892
116 -57
116 -49
116 -28
116 473
116 727
117 -1225
117 -1213
118 -941
118 -907
118 -894
118 -874
118 107
118 396
119 -1112
119 674
119 837
119 1082
120 -943
120 -870
120 931
121 -1225
121 -896
121 -30
122 -1080
122 -1080
122 -868
122 104
122 407
123 -1084
123 -946
124 -1132
124 -895
124 -866
124 -619
124 482
124 660
125 -1109
125 -1087
125 -866
125 -830
125 -673
125 -477
125 -30
125 101
126 -1210
126 -906
126 -866
126 -624
126 -433
126 214
126 308
126 420
127 -1224
127 -951
127 -868
127 -826
127 475
127 1135
128 -1090
128 -892
128 -892
129 -891
129 -870
129 433
129 786
130 -1106
130 -889
130 -874
130 -702
130 -30
130 99
130 473
130 927
131 -887
131 -884
131 -882
131 -879
131 -876
131 446
132 -1222
132 -1128
132 -78
132 457
132 466
133 -907
133 -622
133 -620
134 -1092
134 -957
134 -29
134 96
135 -1204
135 -1106
135 660
135 742
136 675
136 965
136 968
136 971
137 -1220
137 962
137 975
138 -861
138 -27
138 960
138 978
139 -912
139 -827
139 94
139 925
139 958
140 -1128
141 -1106
141 -1093
141 -868
141 -664
141 957
142 -1217
142 -24
142 863
143 93
143 986
144 -1195
144 -875
144 -479
144 322
144 485
144 956
144 1095
145 -918
145 -20
146 -962
146 -883
146 927
146 954
147 -1214
147 -1130
147 93
147 215
147 660
147 952
148 -1108
148 -828
148 -696
149 -892
149 -15
149 950
149 991
150 -45
150 931
150 948
151 -1185
151 -1094
151 -927
151 -900
151 945
152 -1210
152 -434
152 -11
152 92
152 939
152 942
153 -1134
153 -907
153 100
153 125
153 131
153 137
154 -934
154 -658
154 143
154 1013
154 1145
155 -1207
155 -915
155 -830
155 -8
155 150
155 674
155 755
155 788
155 1014
156 -1111
156 90
156 157
156 1011
157 -1174
157 -1141
157 -939
157 -921
157 163
157 993
157 1014
158 -930
158 169
159 -942
159 -833
159 -5
159 1009
160 -1162
160 -1151
160 -1151
160 -942
160 -941
160 -937
160 88
160 175
160 336
161 -836
162 -845
162 -841
162 -3
162 380
162 389
162 891
162 1015
163 -1196
163 -1117
163 -1095
163 -848
163 85
163 125
163 125
163 373
163 484
164 -691
164 399
165 -965
165 -849
165 -480
165 -23
165 82
165 130
165 660
165 1006
166 -653
166 -1
166 218
166 368
166 409
166 993
167 -849
167 77
167 136
167 200
168 -1183
168 -1126
168 66
168 72
168 143
168 1015
169 0
169 54
169 60
169 149
170 47
170 156
170 163
170 169
170 175
170 367
170 417
171 -1168
171 -1139
171 -848
171 40
171 368
171 1104
172 -1153
172 0
172 1002
172 1002
172 1015
173 34
173 348
173 368
174 -770
174 -1
174 27
174 422
174 673
174 990
175 -845
175 -434
175 368
175 766
176 21
176 367
176 1014
177 -651
177 -3
177 16
177 424
178 -1095
178 -15
178 367
178 920
178 998
179 -3
179 10
179 366
179 482
179 1153
180 -2
180 6
180 659
181 -841
181 -689
181 -1
181 2
181 358
181 365
181 427
181 1013
182 -924
182 -909
182 -14
182 364
182 985
183 131
183 150
183 225
184 -894
184 108
184 165
184 994
185 -936
185 429
186 -12
186 79
186 177
186 1011
187 -480
187 978
188 -879
188 -7
188 52
188 946
188 990
189 -835
189 2
189 30
189 188
189 789
190 -1095
190 -946
190 -650
190 14
190 431
190 968
190 1010
191 -967
192 -1192
192 -1177
192 -1167
192 670
192 985
193 -1203
193 -1157
193 -1149
193 -432
193 477
193 657
194 -1212
194 -1141
194 -866
194 -333
194 -288
194 198
194 773
194 979
194 1008
195 -1134
195 -917
195 -912
195 -907
195 433
196 -1218
196 -1128
196 -901
196 973
197 -1124
197 -921
197 -829
197 945
197 951
197 957
197 966
197 1005
197 1111
198 -952
198 -687
198 -237
198 233
198 939
199 -1221
199 -1122
199 -1122
199 -926
199 -894
199 934
200 -1096
200 -372
200 435
200 930
200 1003
201 210
201 341
201 353
201 928
202 -930
202 -886
202 -855
202 -855
202 330
202 470
203 -1224
203 -1118
203 -428
203 -382
203 364
203 926
204 925
204 996
205 -824
205 -425
205 -392
205 320
205 436
205 467
205 655
205 1158
206 -1116
206 -953
206 -935
206 -651
206 -421
206 -401
206 -187
206 789
207 -875
207 -415
207 -409
207 375
208 224
208 464
208 928
208 985
209 -1225
209 -1117
209 -1097
209 244
209 665
210 -1197
210 -1189
210 -1177
210 -938
210 312
210 380
210 438
210 973
211 -1163
211 -1120
211 -848
211 775
211 935
212 -1202
212 -1147
212 -1134
212 -1125
212 -481
212 386
212 462
212 946
212 959
213 -940
213 -865
213 -821
214 -1206
215 235
215 252
215 393
215 652
216 -1225
216 -953
216 307
216 459
217 -1098
217 -940
217 -686
217 -138
217 439
218 -1207
218 399
219 -858
219 245
219 255
220 -842
220 405
220 458
221 -1225
221 -940
221 -819
221 251
221 255
221 790
222 -1099
222 -303
222 -282
222 305
222 440
222 660
223 -320
223 411
223 456
223 1113
224 -1208
224 -333
224 -242
224 305
224 648
225 -969
225 -938
225 -653
225 417
225 440
226 -1224
226 -1109
226 -1107
226 -1101
226 -950
226 -898
226 -853
226 -343
226 291
226 293
226 304
226 422
227 -1110
227 -1105
227 -1103
227 -902
227 -900
227 -895
227 -203
227 290
227 295
227 303
227 456
228 -891
228 -891
228 -351
228 297
228 302
228 428
228 439
229 -1110
229 -903
229 290
229 299
229 301
229 433
229 436
229 772
229 1160
230 -838
230 -818
231 -1223
231 -1207
231 -935
231 -357
231 -168
231 -97
231 455
231 655
232 -1110
232 -904
232 -885
232 97
232 100
232 290
233 -850
233 95
233 102
233 103
234 -1187
234 -1184
234 -1180
234 -1175
234 -1175
234 -1170
234 -1166
234 -1163
234 -482
234 91
234 642
234 789
235 -1189
235 -1161
235 -904
235 104
236 -1222
236 -1206
236 -1190
236 -1160
236 -1109
236 -361
236 103
236 270
236 272
236 273
236 291
237 -1190
237 -1160
237 -947
237 -880
237 -135
237 88
237 270
237 275
237 275
238 -1190
238 -1160
238 -930
238 102
238 277
238 652
239 -1187
239 -1163
239 -903
239 -836
239 269
240 -1220
240 -1206
240 -1185
240 -1182
240 -1168
240 -1165
240 -687
240 84
240 279
241 -1178
241 -1175
241 -1172
241 -1107
241 -849
241 -365
241 100
241 270
241 293
242 -1242
242 -902
242 -818
242 281
243 -1218
243 -927
243 -877
243 270
243 459
243 636
244 -1206
244 80
244 97
244 282
244 650
244 765
245 -901
245 -107
246 -1216
246 -1207
246 271
246 283
246 789
247 -1105
247 -942
247 -64
247 295
248 -1214
248 -1208
248 -925
248 -836
248 76
248 284
248 650
248 1113
249 -1212
249 -1210
249 -899
249 -875
250 -849
250 -656
251 285
251 630
252 -923
252 -897
252 274
252 651
253 -83
253 72
253 285
253 1158
254 -895
254 -876
254 -483
254 379
255 -936
255 -922
255 -819
255 -370
255 89
255 470
255 654
255 788
256 -837
256 391
256 753
257 -893
257 276
257 285
258 -922
258 -890
258 -878
258 68
258 370
258 626
258 658
259 -852
260 -931
260 -922
260 -887
260 -882
260 278
260 284
261 281
262 -925
262 -923
262 -853
262 282
262 406
262 664
262 787
263 -841
263 -65
264 -45
264 623
266 -854
266 739
266 780
266 783
266 786
267 -688
267 63
267 85
267 486
267 772
267 776
267 785
268 -969
268 -854
268 -847
268 364
269 -854
269 621
269 684
269 767
270 -853
270 -851
270 -849
270 -42
270 762
271 -821
271 -373
271 722
272 -1188
272 -1170
272 -1170
272 -1115
272 -1101
272 -485
272 -437
272 217
272 217
272 703
272 757
272 1109
273 -1201
273 -54
273 215
273 219
273 425
273 620
274 -1211
274 -431
274 59
274 212
274 220
275 751
276 -1218
276 -443
276 -36
276 220
276 303
276 620
276 1154
277 208
278 505
278 621
279 -1222
279 57
279 218
280 86
280 623
281 -772
281 204
281 626
282 -1200
282 -1195
282 -1190
282 -916
282 -908
282 -426
282 361
282 628
283 -1205
283 -1186
283 -930
283 -899
283 -891
283 -822
283 216
283 629
284 -883
284 -46
284 -30
284 57
285 -1224
285 -1208
285 -1182
285 -941
285 -875
285 200
285 630
286 -450
287 -869
287 213
287 631
288 -1210
288 -1179
288 -863
288 -487
288 526
288 631
288 733
289 -949
289 59
290 -858
290 -858
290 -375
290 448
290 631
291 -1177
291 -855
291 196
292 -1225
292 -1211
292 -1146
292 -1140
292 90
292 210
292 630
292 803
292 805
293 -853
293 -23
293 630
294 -954
294 -824
294 63
294 548
294 803
294 809
295 -1176
295 -1151
295 -853
295 -420
295 -42
295 596
295 630
296 -1135
296 -856
296 192
296 588
296 601
296 630
296 815
296 1101
296 1101
297 -1211
297 -861
297 -660
297 205
297 569
297 632
297 805
298 -867
298 459
298 606
298 634
298 636
298 639
298 643
298 646
299 -876
299 649
300 -887
300 69
300 652
300 822
301 -1225
301 -1175
301 -1154
301 -956
301 -901
301 -490
301 -457
301 654
301 1146
302 -912
302 -15
302 188
302 360
303 -1129
303 98
303 610
303 656
303 1098
304 -1210
304 -921
304 -827
304 199
305 657
305 726
305 830
306 -927
306 -39
306 814
307 -1225
307 -1175
307 471
308 78
308 657
309 -931
309 -688
309 -375
310 -1242
310 -955
310 194
310 306
310 657
310 1094
311 -6
311 183
311 614
311 840
312 -1175
312 -1155
312 -1125
313 -1224
313 -933
313 -829
313 -494
313 84
313 109
313 657
314 -1208
314 -1117
314 -415
315 191
315 483
315 657
315 672
315 827
316 -1155
316 -1098
316 -38
317 -1174
317 91
317 658
317 665
317 679
317 850
318 178
318 658
318 660
318 661
318 663
318 1089
319 -1223
319 -935
320 -1156
320 -952
320 2
320 189
321 -1207
321 -1173
321 -969
321 -831
321 123
321 687
322 -465
322 -23
322 99
323 -1157
323 173
323 494
323 617
323 860
323 1136
324 -1222
324 -1122
324 -498
324 -39
324 188
325 -1172
325 -935
325 729
325 842
325 1084
326 -1158
326 -374
326 107
326 140
326 168
327 -1117
327 -834
327 -413
327 695
328 -1206
328 -1171
328 -610
328 149
328 163
328 189
328 870
329 -1220
329 -1159
329 -165
329 -129
329 -96
329 157
330 -1169
330 -1161
330 -608
330 -71
330 -43
330 11
330 116
330 505
331 -1167
331 -935
331 -201
332 -1165
332 -1163
332 -945
332 -836
332 -55
332 -55
332 192
332 1078
333 -1218
333 -1206
333 -502
333 -235
333 -48
333 124
333 858
333 879
334 -1121
334 -839
334 702
335 -936
336 -1216
336 -1206
336 -1118
336 -942
336 -841
336 -610
336 -262
336 132
337 -469
337 195
337 516
337 887
338 -1213
338 -1207
338 -936
338 -843
338 140
339 -1211
339 -1208
339 -940
339 -844
339 147
339 1072
340 -1120
340 -938
340 -937
340 -844
340 -413
340 -280
340 621
340 895
341 -1118
341 -844
341 -843
341 -605
341 -370
341 153
341 198
341 874
342 -840
342 -837
342 -288
342 -178
342 -148
342 -117
342 -94
342 525
342 707
342 900
343 -1119
343 -200
343 -77
343 159
343 904
343 904
343 908
343 910
343 1123
344 -1119
344 -218
344 911
345 -505
345 -294
345 -231
345 -66
345 26
345 163
345 200
345 741
345 912
345 912
345 1066
346 305
346 533
346 889
346 912
347 -831
347 7
347 167
347 360
347 910
348 -299
348 -240
348 -60
348 202
348 908
349 169
349 709
349 900
350 -472
350 1061
351 -414
351 -303
351 170
352 -608
352 -247
352 -57
352 170
352 203
353 -366
353 412
354 546
355 -306
355 202
355 422
356 -661
356 709
357 -252
357 -57
357 36
357 168
357 433
358 -360
358 202
359 -508
359 22
359 709
360 -472
360 -357
360 -307
360 444
361 -827
361 -416
361 169
361 200
361 625
362 -919
362 -900
362 -900
362 -845
362 -600
362 556
362 709
362 1042
363 -1188
363 -1180
363 -1171
363 -934
363 -354
363 -255
363 455
363 1106
364 -1241
364 -1203
364 -1196
364 -1162
364 -1154
364 -687
364 -59
364 197
365 -1208
365 -1147
365 -944
365 -307
365 172
365 761
366 -1213
366 -1211
366 -1140
366 -351
366 42
366 465
367 -1213
367 -1135
367 176
367 193
367 711
368 -1211
368 -1131
368 -1131
368 -469
368 -258
368 34
369 -1207
369 -950
369 -39
369 181
369 187
369 473
370 -420
370 -60
370 562
371 -1198
371 -349
371 -307
371 41
371 44
371 713
372 -921
372 481
373 -1096
373 -924
373 -919
373 -259
373 1018
374 -1192
374 -1124
374 -927
374 -465
375 -953
375 -915
375 -512
375 -61
375 627
376 -596
376 -425
376 -347
376 486
376 716
377 -1188
377 -930
377 -774
377 -604
377 564
378 -912
378 -458
379 -261
379 492
380 -824
380 -431
380 -306
381 -1186
381 -932
381 -449
381 -346
381 -62
381 1086
382 -1141
382 -1137
382 -909
382 -870
382 -438
382 -438
382 300
382 497
382 720
382 787
383 -1147
383 -1119
383 -876
383 563
384 -1134
384 -953
384 -262
384 990
385 -1132
385 -967
385 -933
385 -865
385 504
386 -1187
386 -906
387 -1151
387 -345
387 511
387 725
388 -1129
388 -881
388 -308
388 -63
388 558
389 518
389 629
390 -593
390 -262
391 -1128
391 -935
391 -859
391 525
391 550
391 757
391 760
392 -1191
392 -1153
392 -903
392 -515
392 -46
392 421
392 431
392 531
392 537
392 537
392 730
392 756
393 -345
393 413
393 445
393 763
394 -1126
394 -131
394 -130
394 -64
394 960
395 -1116
395 -131
395 405
395 456
396 -950
396 -262
396 -128
396 755
397 -936
397 -884
397 -310
397 820
398 -1175
398 -1153
398 -1125
398 -900
398 -131
398 -125
398 398
398 768
398 1061
399 -1197
399 -345
399 738
400 464
401 -855
401 -123
401 -64
401 930
402 -824
402 -262
402 -130
402 392
402 631
402 755
403 -1125
403 -590
404 -936
404 -897
404 -847
404 -344
404 -121
404 744
405 -1152
405 -314
405 774
406 -1240
406 470
406 754
406 902
407 -1205
407 -1125
407 -261
407 -129
407 -65
407 748
407 857
408 -1115
408 -119
408 386
408 753
408 877
409 -343
409 751
410 -886
410 -517
411 -1209
411 -1149
411 -1126
411 -599
412 -945
412 -319
412 -117
412 -65
412 -65
412 -51
413 -259
413 472
414 -1127
414 -852
414 -342
414 -126
414 380
414 781
415 -1213
415 -936
415 -894
415 632
415 1032
416 -1144
417 -1129
417 -847
417 -586
417 -341
417 -324
417 -115
417 -65
417 292
418 -886
419 -1216
419 -1130
419 -256
420 -1159
420 -1137
420 -1137
420 -1135
420 -1132
420 -942
420 -340
421 -1115
421 -338
421 -330
421 -114
422 -1200
422 -937
422 -661
422 -336
422 373
422 471
423 -1219
423 -891
423 -66
424 -1156
424 -851
424 -251
425 -941
425 -887
425 -826
425 -123
425 633
426 -1205
426 -848
426 -113
426 790
427 -1222
427 -937
427 -890
427 -245
428 -939
428 -887
428 -520
428 -67
429 -1152
429 -938
429 -888
429 -684
429 -583
430 -1223
430 -1210
430 -850
430 -112
430 -54
431 -848
431 -237
431 367
432 -1148
432 -1118
432 999
433 -1225
433 -1214
433 -849
433 -68
433 467
434 -849
434 -425
434 -393
434 -227
434 -122
434 633
435 -1225
435 -1096
436 -1218
436 -1144
436 -351
436 797
437 -1224
437 -1223
437 -1221
437 -490
437 -214
437 361
438 -1239
438 -1140
438 -69
439 -1123
439 -111
439 271
439 275
440 -1136
440 -580
440 -304
440 -198
441 -124
441 275
441 633
441 982
442 -1133
442 -1129
442 355
443 -70
444 -173
445 -521
445 -130
445 -55
445 273
445 307
445 314
445 460
446 -829
446 -254
446 -154
446 -140
446 -107
446 301
446 350
446 632
446 803
447 -72
447 323
448 280
448 297
448 331
448 338
448 344
448 966
449 260
449 631
450 -578
450 -73
450 271
452 -1219
452 -1217
452 -775
452 -592
452 -102
452 294
452 630
453 -1220
453 -1210
453 -204
453 455
454 -897
454 -889
454 -882
455 -1220
455 -907
455 -876
455 -78
455 268
455 529
455 533
455 630
455 808
455 952
456 -1200
456 -919
456 -97
456 524
456 538
457 -1219
457 -871
457 -576
457 -576
457 -53
457 519
457 542
457 630
458 -90
458 -84
458 293
459 -1217
459 -867
459 452
459 546
459 631
460 -1237
460 265
460 515
461 -1188
461 -834
461 -155
461 550
461 632
462 -1215
462 -865
462 555
462 633
462 635
462 940
463 -965
463 -574
463 510
463 560
463 637
463 813
464 -1211
464 244
464 450
464 564
465 -863
465 293
465 569
466 -49
466 261
466 573
466 577
466 639
467 -1174
467 -861
467 505
467 581
467 929
468 -1207
468 -858
468 -589
468 449
468 585
469 -855
469 -841
469 -572
469 -112
469 589
470 -851
470 -848
470 -844
470 451
470 816
471 501
471 593
471 640
472 257
472 347
472 354
472 922
473 -43
473 454
473 597
474 -1161
474 -571
474 266
474 294
474 496
475 -1234
475 -1199
475 362
475 458
475 601
475 917
476 294
476 343
476 491
476 819
476 915
477 -34
477 294
477 465
477 642
478 -76
478 253
478 470
478 486
478 604
479 -569
479 293
479 476
479 481
480 292
480 370
480 564
480 568
480 571
480 607
481 -1148
481 290
481 291
481 572
481 820
482 -914
482 -906
482 -21
482 285
482 287
482 288
482 341
482 559
482 573
483 -1231
483 -1192
483 -932
483 -898
483 -586
483 -568
483 -58
483 226
483 283
483 819
483 862
484 -892
484 610
484 854
485 -887
485 -15
485 282
485 552
485 572
485 643
485 819
485 868
486 -946
486 -883
486 -567
486 -42
486 247
486 820
486 844
486 916
487 -1227
487 281
487 571
487 613
487 821
487 824
487 833
487 838
488 -1136
488 -880
488 -566
488 -29
488 -20
488 -15
488 545
488 628
488 828
489 -1223
489 -566
489 -566
489 378
489 629
490 -1220
490 -879
490 -659
490 280
490 569
490 626
490 872
491 -566
491 614
492 -1218
492 -1188
492 -1157
492 -1155
492 -1153
492 -880
492 -775
492 243
492 249
492 342
492 538
492 566
493 -1159
493 -1151
493 -957
493 -567
493 279
493 624
493 631
493 919
494 -1161
494 -1149
494 -881
494 -583
494 531
494 563
494 614
494 643
495 -1218
495 -1162
495 -1148
495 -1127
495 -1127
495 -881
495 -567
496 -1163
496 -1147
496 -881
496 -872
496 -868
496 -864
496 240
496 245
496 279
496 523
496 560
497 -1218
497 -1125
497 -1097
497 -880
497 -874
497 -860
497 472
497 476
497 612
498 -1164
498 -1146
498 -879
498 -877
498 -568
498 -522
498 239
498 241
498 470
498 481
498 516
498 555
498 924
499 -1123
499 -775
499 -680
499 239
499 470
499 488
499 508
499 551
499 622
500 -1165
500 -1145
500 -856
500 278
500 345
500 386
500 386
500 494
500 501
500 547
500 610
500 632
500 876
500 1105
501 -1220
501 -1186
501 -1121
501 -569
501 471
501 542
502 -1165
502 -1145
502 538
502 933
503 -965
503 -851
503 -580
503 207
504 -1165
504 -1145
504 -1120
504 473
504 535
504 606
504 620
504 644
504 946
504 1015
505 -1224
505 -571
505 278
505 389
505 531
505 963
505 986
506 -1164
506 -1146
506 -1119
507 -918
507 -909
507 -846
507 529
508 -1163
508 -1147
508 -1119
508 -578
508 -572
508 350
508 601
509 -1162
509 -1148
509 -1119
509 -927
509 -900
509 -774
509 477
509 527
509 617
509 634
510 -1228
510 -1186
510 -1161
510 -1149
510 391
511 -1159
511 -1151
511 -1120
511 -576
511 -574
511 525
512 -1157
512 -1155
512 -1155
512 -1153
512 -936
512 -841
512 278
513 -890
513 525
513 591
513 613
514 643
515 357
515 393
515 486
515 878
516 -1233
516 -1128
517 -969
517 -837
517 527
517 580
517 609
518 -1188
518 -879
520 394
520 497
520 534
520 567
521 -1140
521 -493
521 191
521 365
521 604
522 -774
522 278
522 543
522 555
522 636
523 787
523 793
524 -1193
524 -949
524 -910
524 395
524 599
525 -1236
525 -921
525 -898
525 -831
525 511
526 -869
526 373
526 594
526 776
526 793
527 -930
527 395
528 -1200
528 -1155
528 527
528 589
529 -886
529 395
530 -1203
530 380
530 394
530 543
530 575
531 -1206
531 388
531 560
531 787
532 -938
533 -1208
533 759
534 -1172
534 -826
534 277
535 -1211
535 -874
535 881
536 -971
536 -857
536 -857
536 180
536 1141
536 1141
537 -1212
537 -774
538 -1239
538 -955
538 -493
539 -1214
539 -1188
539 -942
539 774
540 -1215
542 -1215
542 -1202
542 -865
542 736
543 -1211
543 -823
545 175
546 176
546 728
547 -943
547 -846
547 277
547 1151
548 -576
548 -573
548 -570
548 -570
548 179
549 719
549 856
550 -578
550 -567
550 -518
550 755
551 -1099
551 -857
551 183
552 711
552 955
552 1033
552 1049
553 -954
553 -820
553 188
553 1064
553 1078
554 -774
554 -579
554 -493
554 703
554 1091
555 -1241
555 -655
555 -565
555 -69
555 677
555 744
555 1101
556 -939
556 -30
556 195
556 684
556 696
556 1110
556 1159
557 687
557 691
557 1115
558 -839
559 -580
559 -125
559 202
559 1118
560 -851
561 -971
561 -563
561 -15
561 211
561 276
561 674
561 734
561 1120
562 -1204
562 -1195
562 -1187
563 -1216
563 -1211
563 -1180
563 -1171
563 -16
563 883
563 1121
563 1165
564 -1219
564 -1163
564 -70
564 -59
564 220
565 -1155
565 -932
565 -193
565 -17
565 453
566 -1221
566 -1148
566 -819
566 -580
566 -44
566 -20
566 435
567 -1220
567 -1141
567 -38
567 -32
567 -27
567 -23
567 642
567 724
567 884
567 1122
568 -947
568 -848
568 -561
568 -76
568 234
569 -1218
569 -1136
569 -1136
569 -836
569 -675
569 -493
569 476
571 1169
572 -1215
572 245
572 1123
573 -923
573 -774
573 -265
573 424
573 676
573 716
573 978
573 981
573 984
574 -1211
574 -849
574 883
574 977
574 989
575 -1112
575 -579
575 -77
575 977
576 -1207
576 253
576 995
577 -1202
577 276
577 502
577 978
577 1001
577 1124
577 1172
578 -1242
578 -837
578 -560
578 849
578 1008
579 -1197
579 -222
579 -209
579 -199
579 708
579 1016
580 -1192
580 -852
580 -240
580 259
580 980
580 1025
581 -1186
581 -935
581 -912
581 -192
581 420
581 883
581 955
581 1034
581 1044
582 -1180
582 -1175
582 1053
582 1063
582 1063
582 1071
582 1124
583 -1150
583 -819
583 -493
583 -188
583 1079
583 1086
584 -334
584 -297
584 703
584 712
584 713
584 714
584 829
584 989
584 1093
584 1172
585 -858
585 -578
585 -74
585 710
585 715
585 824
585 1098
586 -901
586 -842
586 805
586 805
586 833
587 -187
587 262
587 708
587 715
587 1102
588 -866
588 680
588 699
588 1004
588 1104
588 1125
589 528
589 706
589 715
589 816
590 -889
590 -878
590 -878
590 -559
590 846
590 882
590 1105
591 -1103
591 418
591 834
591 1025
592 -969
592 -919
592 -774
592 -187
592 275
592 697
592 704
592 716
592 1172
593 -850
593 956
593 1047
593 1100
594 -492
594 -88
594 1087
594 1125
595 -393
595 -95
595 -83
595 265
595 718
595 1069
596 696
596 701
596 791
597 -862
597 -104
597 -79
597 806
598 -66
598 721
599 -1141
599 -899
599 835
599 843
600 -877
600 -510
600 -188
600 696
600 699
600 880
600 1170
601 -116
601 -76
601 695
601 697
601 724
602 416
602 696
603 -1174
603 -1147
603 -491
603 958
604 -820
604 -558
604 -357
604 554
604 727
604 778
605 -349
606 -436
606 -364
606 -130
606 -73
606 688
606 835
606 841
607 -1242
607 -1179
607 266
607 712
607 731
608 -1153
608 -366
608 -189
608 708
608 793
609 -445
609 -340
609 -71
609 718
610 -1107
610 -489
610 706
610 735
610 768
610 836
610 839
610 964
611 -1185
611 -773
611 -453
611 274
611 837
611 879
612 -1158
612 -1110
612 -649
612 -368
612 -151
612 725
613 -967
613 -488
613 -462
613 741
614 -469
614 -291
614 -68
614 415
614 706
614 760
615 -1190
615 -1164
615 -1111
615 -574
615 -485
615 -481
615 -476
615 -190
615 -53
615 729
615 747
615 753
615 972
616 -331
617 -1112
617 -166
617 733
618 -1168
618 -370
618 -64
618 985
619 -1112
619 -188
619 708
620 -1196
620 -1172
620 -1112
620 -558
620 -290
620 -184
620 -177
620 736
621 -1175
621 -1111
621 268
621 576
621 1003
622 -1179
622 -1177
622 -1109
622 -1107
622 521
622 877
622 1026
622 1056
622 1056
622 1125
623 -1201
623 -1180
623 -934
623 -927
623 -61
623 510
623 532
623 697
623 738
623 777
624 -1182
624 -1105
624 -939
624 -916
624 -900
624 -372
624 -322
625 -1183
625 -940
625 -886
625 416
625 712
626 -1184
626 273
626 500
626 539
626 739
627 -1206
627 -937
627 -874
628 -1184
628 -865
628 -287
628 -56
628 740
628 1166
629 -1210
630 -1185
630 -965
630 -933
630 -822
631 -1103
631 -858
631 492
631 543
631 719
631 719
631 740
632 -1214
632 -1185
632 -374
633 -52
633 269
633 739
633 875
633 875
634 -1184
634 -925
634 -853
634 417
634 722
634 764
635 -669
635 -312
635 -284
635 -35
635 738
636 -1221
636 -1182
636 272
636 726
636 736
637 -920
637 -48
637 485
637 545
637 728
637 731
637 734
638 -1179
638 -570
639 -1175
639 -849
639 594
639 594
639 707
640 -1225
640 -1170
640 -376
640 270
640 419
641 -1164
641 -1101
641 -915
641 -870
641 -43
642 -1157
642 -1150
642 -1143
642 -962
642 -559
642 271
642 423
642 754
643 -1225
643 -1136
643 -864
643 -281
643 271
643 425
644 -1130
644 -876
644 428
644 480
644 543
645 -1242
645 -1125
645 -846
645 -39
645 872
646 -1222
646 -911
646 -498
646 432
647 -1121
647 -860
647 -774
647 -303
647 577
647 580
648 -1215
648 -1118
648 -823
648 582
649 -881
649 436
649 746
650 -1116
650 -378
650 -36
650 574
651 -1203
651 -960
651 -906
651 -277
651 -21
651 478
651 538
651 718
652 -1115
652 -844
652 -844
652 585
653 -1188
653 442
653 602
653 739
654 -567
654 -33
654 571
654 723
655 -1116
655 -856
655 -643
655 728
655 733
656 -1167
656 -1118
656 -1099
656 -902
656 -560
657 -1156
657 -956
657 447
657 588
657 960
657 1025
657 1090
658 -1145
658 -1136
658 -1129
658 -1123
658 -884
658 -31
658 479
658 530
659 -380
659 -273
659 869
660 -952
661 -899
661 -295
661 -29
661 565
662 -947
662 -940
662 -934
662 -564
662 453
663 -562
663 -10
664 -929
664 -841
664 483
664 520
664 520
665 -825
665 -28
665 591
666 -925
666 -269
667 -896
667 -855
667 459
667 486
667 513
667 557
668 -28
668 608
669 -921
669 -291
669 490
669 507
670 -886
670 -29
670 493
670 498
670 502
671 -1028
671 -1024
672 -1177
672 -894
672 -855
672 -265
672 -30
672 465
673 -1187
673 -1031
673 -1018
673 -918
673 -2
674 -1167
674 -838
674 -29
674 549
674 864
675 -1198
675 -1098
675 594
675 1161
676 -776
676 -287
676 -28
677 -1157
677 -1032
677 -1011
677 -854
677 471
677 1016
678 -1209
678 -915
678 -26
678 998
679 2
679 1038
679 1038
680 -826
680 -383
680 -23
680 539
681 -853
681 -837
681 -636
681 478
681 984
682 -1216
682 -1148
682 -19
682 1057
683 -1003
683 -257
683 -15
683 3
684 -282
684 -10
685 -1034
685 -913
685 -852
685 -634
685 -482
685 -3
685 1
685 484
685 529
685 612
685 1070
686 -837
686 974
688 -1139
688 -851
688 -633
688 489
688 1077
689 -1221
689 -837
689 519
689 859
690 -849
690 -277
690 494
690 1079
691 -993
691 -847
691 -839
691 499
691 510
691 599
692 -845
692 -841
692 -632
692 502
692 1004
692 1015
692 1075
693 -1241
693 -1184
693 -911
693 -663
693 -251
693 996
693 1029
694 -1170
694 -828
694 968
694 991
694 1049
694 1065
695 -1197
695 -1035
696 -631
696 -272
697 -1223
697 -1130
697 -1130
697 -1097
697 -887
697 988
698 -1155
698 -387
698 -32
698 -23
699 -248
700 -1207
700 -981
700 -910
700 -631
700 -268
700 -42
701 -781
701 -12
701 614
701 986
703 -264
703 -54
704 -631
704 -246
704 967
705 -260
705 853
706 -1213
706 -1140
706 -1121
706 -830
706 600
706 986
707 -1225
707 -908
707 -632
707 -247
707 1
708 -1037
708 -517
708 -254
708 -249
708 -68
709 -1136
709 -519
709 -514
710 -632
710 -522
710 -511
711 -509
712 -968
712 -905
712 -525
712 -392
712 -77
713 -1133
713 -1114
713 -507
713 987
714 -633
714 -527
715 -1213
715 -832
715 -464
715 -86
715 17
716 -903
716 -527
716 -505
716 969
717 -1224
717 -1177
717 -1130
717 -95
717 614
718 -1179
718 -1174
718 -1110
718 -900
719 -1180
719 -634
719 -527
719 599
720 -1169
720 -896
720 -888
720 -884
720 -880
720 -875
720 -503
720 -503
720 -104
720 847
720 988
721 -1128
721 -892
721 -871
721 -787
721 -525
722 -1180
722 -867
722 -834
722 -112
723 -1164
723 -1164
723 -1107
723 -1039
723 -863
723 -502
723 -397
724 -1096
724 -860
724 -523
724 -120
725 -1206
725 -634
725 -126
725 991
726 -1241
726 -1221
726 -1127
726 -857
726 -835
726 -835
726 -136
726 -132
726 37
727 -1179
727 -1157
727 -854
727 -837
727 -519
727 -501
727 -140
728 -1106
728 -851
728 -840
728 -143
729 -848
729 -845
729 -842
729 -146
730 -1126
730 -947
730 -515
730 -499
730 -148
730 596
730 975
730 994
731 -1201
731 -149
731 612
732 -1178
732 -1151
732 -634
732 -511
732 -402
732 -149
732 1096
733 -1107
733 -498
733 50
734 -507
734 -149
734 999
735 -1216
735 -1126
735 -497
735 -444
735 841
736 -1177
736 -795
736 -504
737 -1197
737 -1147
737 -497
737 427
738 -501
738 -408
738 -149
738 426
738 430
738 980
738 1006
738 1158
739 -1108
739 -1040
739 -657
739 -499
739 -496
739 425
739 590
740 -1175
740 -497
740 -496
740 -496
740 64
740 433
741 -1195
741 -1128
741 -633
741 -416
741 -152
741 1015
742 -1210
742 -1146
742 -424
742 437
743 -1173
743 202
743 228
743 249
743 607
744 120
744 265
744 985
745 -1195
745 -928
745 -158
745 427
745 442
745 1026
746 -1204
746 -1170
746 -1146
746 -1111
746 -226
746 -222
746 77
747 -1197
747 -216
747 -167
747 278
747 581
748 -1200
748 -230
748 -210
748 447
748 835
748 1040
748 1097
749 -1167
749 -1148
749 -1129
749 -806
749 -633
749 -178
749 990
750 -1165
750 -233
750 -200
750 -189
751 -1152
751 289
752 -1162
752 -1159
752 90
752 453
752 453
752 600
752 997
753 -1096
753 -654
753 -494
753 -492
753 -236
753 180
753 569
754 -1115
754 -494
754 -51
754 -34
755 -1129
755 -489
755 192
755 433
755 597
755 1004
756 -16
757 -1041
757 -911
757 -238
757 -71
757 101
757 205
757 261
757 266
757 272
757 300
757 459
757 555
757 1014
758 -1240
758 -820
758 -632
758 -492
758 217
758 229
758 256
758 277
758 594
758 1026
759 -1128
759 -1118
759 239
759 248
759 1040
760 -484
760 283
760 545
760 1090
761 -1122
761 112
761 829
762 -1125
762 -240
762 1
762 464
762 592
763 -93
763 288
763 645
763 651
764 -489
764 121
764 537
764 640
764 641
764 658
764 666
765 -895
765 589
765 1098
766 -837
766 -651
766 -477
766 -477
766 -242
766 127
766 311
766 641
766 674
767 294
767 683
768 -630
768 135
768 469
768 645
769 -880
769 441
769 531
769 588
769 692
770 -851
770 -473
770 -244
770 21
770 140
770 651
771 -866
771 -121
771 700
772 -485
772 300
772 659
773 -247
773 145
773 586
773 708
773 708
774 -469
774 473
774 823
775 -133
775 527
775 668
776 -1043
776 -250
776 149
776 585
777 -647
777 325
777 680
778 -1207
778 -1204
778 -466
778 306
778 727
779 -1213
779 -1199
779 -1194
779 -1187
779 -1179
779 -254
779 -146
779 585
780 -1172
780 -1163
780 -1155
780 -1155
780 -258
780 152
780 477
781 -1142
781 -628
781 525
782 -1132
782 -463
782 -270
782 -266
782 -262
782 44
782 703
782 738
782 1036
782 1043
782 1099
783 -480
783 -273
783 -158
783 451
783 585
784 -1218
784 -1125
784 154
784 334
784 1051
785 -276
785 721
785 743
785 981
785 983
786 -462
786 -279
786 -170
786 480
786 526
786 584
786 818
786 985
786 1031
787 -1239
787 -1120
787 734
787 742
788 551
788 554
788 557
788 561
788 582
788 987
789 -642
789 -461
789 -282
789 318
789 548
789 565
789 580
789 976
789 1060
790 -182
790 58
790 155
790 547
790 570
790 574
790 577
790 988
791 -1221
791 -1118
791 -626
791 -475
791 -283
791 342
792 -1200
792 -1195
792 -1190
792 -461
792 -192
792 482
792 529
792 545
793 -1205
793 -1186
793 1028
794 -461
794 -285
794 545
794 988
795 -1208
795 -1183
795 -1147
795 -1142
795 -200
795 545
796 -472
796 -207
796 155
796 882
796 884
796 974
797 -1180
797 -285
797 350
797 483
797 535
797 544
797 814
798 -1210
798 -1151
798 -1137
798 -1116
798 -464
798 -213
798 461
798 537
798 543
798 879
798 1069
798 1069
799 -636
799 -624
799 -469
799 71
799 539
799 541
799 542
799 988
800 -1223
800 -1178
800 -467
800 -465
800 -285
800 330
800 876
800 1100
801 155
802 -1211
802 -220
802 357
802 483
802 1025
802 1047
802 1050
803 -1176
803 -286
804 -621
804 872
804 888
804 988
804 1044
804 1056
805 -1132
805 -287
806 -1154
806 364
806 972
806 1042
806 1075
807 -1175
807 -1116
807 157
807 483
808 -1211
808 -617
808 -288
808 -229
808 83
808 810
808 1061
809 -290
809 344
809 369
809 868
810 -1223
810 -629
810 -612
810 470
810 1041
811 -1175
811 -1045
811 -291
811 373
811 483
811 987
811 1155
812 -607
812 -600
812 -298
812 -296
812 -293
812 376
812 376
812 378
813 -1237
813 -299
813 158
813 379
814 -590
814 -300
814 381
814 1025
814 1066
815 -1210
815 -1175
815 -1127
815 -301
815 -238
815 382
815 483
815 598
815 600
815 604
815 609
815 1040
815 1080
816 -302
816 615
816 864
816 972
816 1100
817 -1155
817 95
817 356
817 383
817 807
818 -581
818 -302
818 384
818 483
818 623
819 -1174
819 161
819 477
819 598
819 986
820 -1222
820 -1116
820 -301
820 385
820 482
820 632
821 -621
821 482
821 1040
821 1069
822 -1155
822 -449
822 -447
822 -445
822 -445
822 -443
822 -300
822 385
822 481
822 641
822 893
822 960
823 -1173
823 -452
823 -451
823 -441
823 -247
823 368
823 604
823 860
824 -1209
824 -453
824 -439
824 -299
824 651
824 651
824 806
825 -454
825 -438
825 164
825 986
826 -1192
826 -572
826 -455
826 -455
826 -298
826 377
826 383
826 1083
827 -1191
827 -1172
827 -1156
827 -455
827 -437
827 106
827 663
828 -1192
828 -1124
828 -436
828 -298
828 614
828 974
828 1041
829 -454
829 -299
829 805
829 1072
830 -1219
830 -1190
830 -1171
830 -453
830 -435
830 -300
830 672
830 856
830 1026
831 -1157
831 -1117
831 -452
831 -301
831 167
831 987
832 -1193
832 -611
832 -306
832 -304
832 -302
832 -257
832 626
832 1100
833 -1208
833 -1169
833 -451
833 -435
833 -310
833 -308
833 679
834 -1158
834 -449
834 -311
835 -1236
835 -1167
835 -435
835 -312
835 683
836 -1189
836 -1159
836 -564
836 -447
836 -436
836 640
836 988
836 1085
837 -1165
837 -1161
837 -1122
837 -445
837 -437
837 -313
837 171
837 685
837 1042
838 -1163
838 -443
838 -438
838 -313
838 116
838 684
838 1073
839 -1215
839 -1047
839 -441
839 -439
839 653
839 681
839 803
839 977
840 -1207
840 -1193
840 -1117
840 -313
840 284
840 292
840 676
841 -604
841 303
841 666
841 991
842 175
842 1026
843 -1120
843 -267
843 279
844 -1212
844 -1188
845 -1207
845 -1117
845 -313
845 317
845 994
845 1073
845 1099
846 1085
847 -1209
847 -1207
847 -1119
847 -1118
847 179
847 896
848 -1208
848 -557
848 278
848 799
848 999
848 1044
850 -1194
850 -1187
850 125
850 981
850 1026
851 -596
851 332
851 1004
852 -1234
852 183
852 842
852 1070
853 -315
853 -276
853 278
853 538
853 539
853 541
854 537
854 544
854 1069
854 1083
855 -1185
855 537
855 548
855 1012
855 1024
856 186
856 552
856 1044
856 1068
857 537
857 793
857 1099
858 281
858 557
858 986
858 1017
858 1021
858 1068
859 349
859 563
859 1069
860 -1183
860 539
860 1070
860 1080
861 -1195
861 -1051
861 -588
861 189
861 570
861 989
861 1071
862 -551
862 286
862 1044
862 1072
862 1074
863 -320
863 135
863 578
863 992
864 -1233
864 -1181
864 586
865 192
865 546
866 292
866 594
866 786
866 997
867 -1179
867 602
867 1043
868 366
868 1001
868 1098
869 193
869 300
869 610
869 1040
870 -1231
870 -1198
870 -1176
870 618
870 1007
871 -1173
871 195
871 308
871 560
871 1012
871 1036
872 -1171
872 -1167
872 -1163
872 -581
872 318
872 322
872 626
872 719
872 723
872 727
872 778
872 1017
872 1023
872 1030
873 -1158
873 -326
873 327
873 633
873 730
874 -1152
874 195
874 334
874 640
874 716
874 732
875 -1146
875 714
875 732
876 -1139
876 196
876 341
876 579
876 646
876 749
876 750
876 751
876 753
876 823
876 960
877 -1225
877 -1202
877 -1133
877 650
877 732
877 748
877 755
877 770
878 -1126
878 -1056
878 -546
878 -298
878 348
878 383
878 383
878 654
878 654
878 712
878 900
879 198
879 657
879 747
879 762
880 659
880 730
880 1097
881 -1207
881 355
881 661
881 710
881 747
882 -1219
882 201
882 600
883 -1213
883 -574
883 662
883 747
884 -332
884 363
884 663
884 728
885 -1095
885 393
885 709
886 205
886 370
886 621
886 663
886 747
887 152
887 663
888 662
888 724
888 747
889 640
889 709
890 209
890 655
890 1153
891 -1062
891 400
891 745
892 384
892 975
892 1020
892 1033
893 720
893 743
893 1044
893 1097
894 -568
894 -543
894 -340
894 215
894 404
894 709
894 1052
895 394
896 404
896 718
896 741
896 1059
897 400
897 738
898 221
899 -1275
899 361
899 366
899 716
899 734
899 1064
900 -541
900 357
900 708
900 730
901 -1071
901 372
901 716
901 725
902 -323
902 227
902 718
902 720
902 798
903 -563
903 -347
903 353
903 1068
905 378
906 707
906 1096
907 -539
907 171
907 348
908 996
908 1000
908 1072
909 -354
909 992
909 1006
910 -1250
910 -1082
910 243
910 386
911 989
911 1010
912 -559
912 -358
912 704
912 1051
913 902
913 1014
913 1056
914 -535
914 -362
914 339
914 1045
914 1075
914 1075
915 987
916 -366
916 260
916 1017
917 -1232
917 396
917 960
918 -1097
918 -370
918 699
918 1061
919 -375
919 277
919 326
919 1096
920 985
920 1020
920 1039
921 -383
921 -379
921 294
921 311
922 -531
922 -391
922 -387
923 -1211
924 -1111
924 -395
924 191
924 693
924 1023
925 -350
925 1064
926 1079
927 -1190
927 -1128
927 -399
927 983
928 771
928 1035
929 -1168
929 -1148
929 -551
929 1025
930 -526
930 -403
930 977
931 685
932 1095
934 -407
935 1026
936 982
936 1065
937 1082
938 -521
938 211
939 -411
939 426
939 676
940 1032
941 977
941 1026
941 1065
944 -541
944 -414
944 1095
945 -514
945 981
946 -377
946 665
946 961
946 1066
947 1083
948 233
950 -417
950 978
951 904
951 1067
952 -508
952 980
953 742
954 1095
954 1095
955 450
955 652
955 978
955 1068
955 1084
956 256
956 979
957 -530
957 979
959 1069
961 281
962 306
962 322
962 640
962 1084
963 -425
963 336
963 1007
963 1008
963 1009
963 1071
965 -494
965 -404
965 348
965 1009
965 1073
966 963
966 1007
966 1082
967 468
967 628
967 1028
967 1075
967 1095
968 360
968 1079
969 -518
969 1010
970 1007
970 1151
971 616
972 -434
972 372
973 -481
974 1012
975 484
975 603
975 1006
976 712
976 1039
976 1039
976 1040
977 589
977 1039
977 1041
978 -444
978 384
978 1013
978 1094
979 -504
979 -468
979 -428
979 499
979 573
979 966
979 1043
980 -456
980 555
980 1006
980 1040
981 514
981 532
981 1015
981 1045
982 1041
983 1004
984 1017
984 1048
985 396
985 1041
986 -491
986 970
986 1003
986 1093
987 1019
987 1041
988 1000
988 1040
988 1051
989 -448
989 905
989 975
989 1022
990 -477
990 983
990 997
990 1039
991 988
991 993
991 1025
991 1037
991 1055
992 -463
992 1028
992 1031
992 1034
992 1092
994 411
994 1059
995 683
997 1063
997 1089
999 1067
1000 1087
1001 1071
1001 1083
1002 1075
1002 1079
1003 425
1009 657
1010 438
1010 1094
1016 451
1016 641
1017 1032
1019 1020
1020 1007
1021 464
1022 627
1022 996
1024 478
1024 986
1025 977
1026 613
1026 904
1026 970
1027 493
1028 965
1029 511
1029 600
1029 963
1030 532
1031 553
1031 571
1031 586
1033 959
1042 956
1043 1057
1043 1064
1043 1068
1044 1050
1044 1071
1046 1040
1046 1040
1046 1072
1047 1032
1047 1072
1047 1151
1048 1023
1049 1016
1050 1008
1050 1070
1051 996
1051 1001
1052 955
1052 985
1052 987
1052 991
1052 1067
1053 981
1053 983
1054 979
1054 1064
1055 977
1056 1059
1057 976
1058 975
1058 1054
1060 975
1060 1048
1062 1042
1063 955
1063 1036
1064 1030
1065 979
1067 1000
1074 956
1074 989
1074 1094
1083 959
1084 1004
1087 1094
1090 962
1090 1039
1092 966
1092 969
1093 971
1094 972
1095 972
1095 1021
1095 1046
1097 972
1099 971
1099 1053
1100 1094
1102 969
1104 1060
1105 967
1105 1039
1108 1065
1110 965
1111 1069
1113 1055
1114 1071
1114 1095
1116 1073
1116 1152
1118 963
1118 1066
1118 1072
1127 1096
1129 902
1131 961
1132 1004
1132 1018
1133 992
1133 1034
1135 984
1136 1050
1138 980
1138 1097
1140 1065
1140 1065
1142 1071
1143 982
1143 1075
1145 985
1145 1077
1146 960
1146 990
1146 1075
1147 1071
1148 996
1148 1064
1149 1003
1149 1054
1149 1098
1150 1012
1150 1021
1150 1041
1151 1031
1158 1099
1162 1153
1165 959
1165 1100
1172 1102
1173 988
1173 996
1173 1002
1173 1009
1173 1017
1174 980
1174 983
1174 1024
1175 979
1175 1032
1176 1040
1177 982
1177 1048
1179 987
1179 1055
1179 1055
1179 1103
1182 994
1185 1088
1185 1103
1186 958
1186 1005
1191 1102
1196 1100
1199 1040
1200 1154
1202 1097
1206 1012
1206 1047
1207 1094
1208 900
1209 958
1209 1001
1212 1090
1213 993
1217 988
1219 1084
1222 987
1224 1080
1227 1006
1228 989
1228 1078
1230 1153
1232 1077
1235 958
1235 995
1236 1078
1240 1080
1242 1004
1245 1084
1250 1040
1251 1089
1252 1017
1254 1152
1258 1052
1263 1098
1265 900
1267 1062
1269 986
1269 992
1269 998
1269 1005
1270 981
1270 1013
1271 978
1272 976
1273 1050
1273 1103
1273 1151
1274 975
1275 1069
1276 976
1277 978
1278 981
1280 985
1281 990
1281 996
1282 1002
1282 1009
1282 1016
1282 1024
1282 1074
1283 1031
1283 1105
1284 1038
1285 1044
1286 1050
1287 1055
1287 1075
1288 1059
1288 1148
1290 1073
1291 1068
1291 1103
1298 1097
1302 983
1302 985
1302 985
1302 987
1302 1144
1303 981
1303 989
1304 979
1304 991
1304 1087
1305 902
1305 978
1305 992
1306 977
1306 993
1308 976
1308 994
1308 1075
1310 975
1310 995
1310 1058
1311 1048
1312 975
1312 995
1312 1039
1314 975
1314 995
1314 1031
1314 1139
1316 976
1316 994
1317 1025
1318 977
1318 993
1319 978
1319 992
1320 979
1320 991
1320 1020
1321 981
1321 989
1322 983
1322 985
1322 987
1323 1016
1326 1133
1327 1014
1331 906
1333 1012
1336 1128
1338 1011
1343 1011
1343 1123
1345 913
1346 1013
1347 1117
1349 1017
1350 1024
1350 1109
1351 922
1351 1034
1351 1098
1352 934
1352 960
1352 1047
1352 1064
1352 1083
