-1006 1040
-1006 1042
-1005 1039
-1005 1048
-1004 1039
-1003 1039
-1003 1053
-1001 1040
-999 1042
-999 1059
-997 1045
-996 1022
-996 1023
-996 1023
-995 1023
-995 1048
-994 1019
-993 1023
-993 1064
-992 1015
-991 1053
-990 1022
-989 1010
-986 1020
-986 1058
-986 1069
-985 1004
-981 1017
-980 998
-978 1061
-978 1073
-976 991
-976 1014
-971 984
-970 1076
-969 1010
-968 1063
-963 1006
-960 1079
-960 1079
-958 466
-953 1065
-951 708
-950 -834
-950 -789
-947 1080
-945 -742
-945 950
-943 -876
-935 1066
-934 -696
-934 1028
-933 1030
-932 1026
-931 438
-929 -913
-929 985
-927 1023
-927 1023
-927 1032
-924 721
-924 1080
-923 429
-919 456
-918 1019
-917 -939
-917 -651
-917 1033
-915 423
-911 1013
-911 1066
-907 1002
-906 418
-906 482
-905 -973
-904 720
-904 981
-903 -894
-903 -862
-903 820
-902 894
-902 946
-902 1034
-901 -824
-900 -914
-898 -783
-897 414
-896 -611
-896 1080
-895 -919
-893 -917
-893 -744
-893 217
-893 277
-893 278
-892 -1012
-892 222
-892 277
-892 280
-891 224
-890 -915
-890 224
-889 279
-889 284
-888 -912
-887 -909
-887 -711
-887 187
-887 221
-885 -906
-885 217
-885 289
-885 289
-885 412
-884 -903
-884 282
-883 -900
-883 -897
-883 1034
-882 -885
-882 293
-881 209
-881 1066
-880 -1052
-880 -687
-879 -1292
-878 -1299
-878 -1286
-878 -873
-878 200
-878 286
-878 296
-878 857
-878 927
-877 979
-876 -1306
-876 -1279
-875 299
-875 780
-874 290
-873 -1313
-873 -1272
-873 -861
-873 188
-872 1006
-871 140
-871 302
-871 702
-870 293
-870 411
-869 -1092
-869 -576
-869 1011
-868 -1323
-868 -1262
-868 304
-866 -849
-866 -660
-866 295
-866 634
-866 1015
-865 -1329
-865 -1255
-865 306
-865 1079
-863 -1294
-862 -1336
-862 -1292
-862 -1247
-862 298
-862 307
-861 584
-861 1018
-860 -1290
-860 -1129
-860 154
-860 307
-860 1066
-859 -1342
-859 -1299
-859 -1237
-859 -839
-859 300
-858 307
-858 1035
-857 -1348
-857 -1288
-857 -1226
-857 302
-856 307
-856 1021
-855 -1354
-855 -1215
-855 -1160
-855 304
-855 307
-854 -1360
-854 -1285
-854 -1204
-854 -561
-854 562
-853 -1364
-853 -1193
-853 304
-853 305
-853 306
-853 306
-853 306
-852 -1368
-852 -1183
-852 -906
-852 -881
-852 -831
-851 -860
-851 410
-850 -1378
-849 -1305
-849 -1283
-849 -936
-849 -635
-849 1023
-847 -846
-847 81
-846 555
-845 -827
-844 -1280
-844 -968
-842 1024
-841 -1389
-841 1067
-840 -839
-840 -827
-839 108
-838 -1278
-838 482
-838 555
-837 -1370
-837 -838
-837 -829
-836 -1000
-836 -547
-835 -837
-835 -831
-835 1077
-834 -1312
-834 -835
-834 -833
-834 1025
-833 -834
-832 -1275
-832 560
-829 -1403
-829 -612
-829 453
-827 -1033
-827 410
-827 573
-825 1025
-824 1067
-823 592
-819 618
-817 -536
-817 652
-816 -1319
-816 15
-815 694
-814 -1416
-813 -1266
-813 55
-813 1025
-812 738
-809 -1093
-809 776
-809 1067
-809 1075
-808 -1389
-808 -593
-806 807
-804 1023
-803 410
-802 -1393
-801 833
-799 -1253
-797 -1142
-797 -526
-797 306
-797 307
-797 1068
-796 -1429
-796 302
-796 306
-796 851
-795 -1325
-794 296
-794 1020
-793 -1397
-793 303
-791 862
-790 -1235
-790 287
-790 1072
-789 -1181
-788 299
-788 1069
-787 -1211
-786 277
-785 -577
-785 865
-785 1016
-784 -1401
-784 -3
-784 411
-783 292
-783 1069
-782 1070
-781 -54
-780 266
-779 859
-778 -1362
-778 -718
-778 -717
-778 853
-777 -1441
-777 -718
-777 -715
-777 285
-776 -718
-776 -712
-776 840
-776 1009
-775 -709
-775 -519
-775 821
-774 -1330
-774 -717
-774 253
-773 -1404
-773 -706
-773 796
-772 -715
-772 768
-771 -702
-771 276
-771 664
-771 701
-771 735
-770 482
-769 -712
-769 412
-768 -698
-768 -698
-767 239
-766 -709
-766 1035
-765 -694
-765 1000
-764 266
-763 -706
-762 -1407
-762 -690
-761 -565
-759 -1451
-759 -702
-759 -686
-758 878
-757 414
-756 -683
-756 256
-756 871
-755 -698
-754 -60
-754 989
-753 -1333
-753 -681
-753 881
-752 -694
-752 -513
-751 -1410
-751 -679
-750 -1358
-749 -690
-749 858
-748 -678
-748 48
-748 75
-748 418
-746 -686
-746 -677
-745 -683
-745 19
-745 1062
-745 1064
-744 -681
-744 -679
-744 -678
-744 240
-744 1064
-743 -123
-743 100
-743 878
-743 1059
-741 -1457
-741 1064
-740 -1412
-740 422
-740 450
-740 624
-740 798
-740 974
-740 1054
-739 111
-738 -875
-738 -865
-738 -843
-737 -889
-737 -883
-737 -557
-737 -12
-737 840
-736 -892
-736 1062
-735 -892
-735 -889
-735 -822
-735 228
-735 1048
-734 -1335
-734 -885
-734 117
-733 -877
-733 171
-732 429
-731 1060
-730 -801
-729 -1413
-729 -851
-728 -1354
-728 -510
-728 117
-728 870
-728 1041
-726 -829
-726 -44
-726 219
-725 -114
-724 437
-724 1057
-723 -782
-723 113
-722 -810
-721 1033
-720 954
-719 106
-719 818
-719 818
-718 -1462
-718 -971
-718 -968
-718 -964
-718 -964
-718 -961
-718 -795
-718 213
-717 -976
-717 -959
-717 -958
-717 1053
-716 -980
-716 -958
-716 47
-716 66
-716 95
-716 446
-715 -1414
-715 -1337
-715 -764
-715 81
-714 -984
-714 -959
-714 -783
-713 -988
-713 -962
-713 -554
-713 1024
-712 -1350
-712 23
-712 982
-711 -992
-711 -965
-710 -79
-710 208
-710 454
-709 -995
-709 -969
-709 1049
-708 -772
-708 805
-707 856
-706 -185
-706 142
-706 145
-706 463
-705 -1001
-705 -979
-705 137
-705 137
-705 148
-704 -1339
-704 -749
-704 -509
-704 134
-704 1015
-703 -1346
-703 -5
-703 150
-703 474
-702 -1415
-702 -1003
-702 -988
-702 -763
-702 130
-702 939
-701 127
-701 488
-701 1045
-700 -1342
-700 -1003
-700 -1000
-700 -995
-700 120
-700 123
-700 152
-700 206
-699 -1020
-699 -1020
-699 113
-699 115
-699 117
-699 505
-699 527
-699 554
-699 851
-698 -1022
-698 -1021
-698 -1019
-698 -1018
-698 -160
-698 111
-698 577
-698 596
-697 -1024
-697 -1018
-697 110
-697 613
-697 793
-696 -1025
-696 -1017
-695 627
-694 -1463
-694 -1027
-694 -1016
-694 -753
-694 110
-694 153
-693 -736
-693 638
-693 750
-692 -1028
-692 -1016
-691 -1414
-691 -115
-691 110
-691 647
-691 846
-690 -1030
-690 -1016
-689 -37
-689 205
-688 -1031
-688 -1016
-688 -748
-688 153
-688 654
-687 111
-687 782
-686 -1032
-686 -1016
-686 -920
-685 -922
-685 -918
-684 -1033
-684 -1016
-684 -923
-684 -916
-684 659
-684 842
-684 929
-683 -1033
-683 -1017
-683 112
-682 -923
-682 -913
-682 -743
-681 -1032
-681 -1019
-681 -510
-680 -1412
-680 -1031
-680 -1020
-680 -726
-680 -726
-679 -1030
-679 -1022
-679 -923
-679 -910
-679 154
-679 772
-678 -1029
-678 -1026
-678 -1024
-678 22
-678 23
-678 114
-678 838
-677 -923
-677 -907
-677 -195
-676 -904
-676 -888
-676 -886
-676 -885
-676 -884
-676 15
-676 23
-675 -923
-675 -889
-675 -889
-675 -883
-675 -737
-675 170
-675 205
-675 665
-674 -901
-674 -891
-674 -722
-673 -923
-673 -898
-673 -895
-673 -893
-673 -883
-673 21
-673 116
-672 -560
-672 835
-671 -922
-671 -882
-671 -238
-671 -74
-671 764
-670 -1460
-670 -921
-670 6
-670 19
-669 -1409
-669 -921
-668 -920
-668 -919
-668 -918
-668 -882
-668 -732
-668 -719
-668 -153
-668 923
-667 -916
-667 -914
-667 832
-666 -911
-666 -883
-666 15
-666 153
-666 205
-665 -908
-665 669
-665 759
-664 -905
-664 -883
-664 170
-664 831
-663 -902
-663 -214
-662 -898
-662 -885
-662 -5
-661 -895
-661 -887
-661 -728
-661 -716
-661 11
-661 122
-661 830
-661 1021
-660 -892
-660 -889
-660 755
-659 -513
-659 -166
-659 831
-658 -1404
-658 -1107
-658 -1107
-658 -255
-658 753
-658 928
-658 970
-657 -1113
-657 -1105
-657 -1104
-657 95
-657 98
-657 98
-657 99
-657 150
-656 -1120
-656 5
-656 100
-656 206
-655 -1103
-655 -714
-655 91
-655 100
-655 755
-655 832
-654 -1103
-654 -724
-654 99
-653 -1127
-653 98
-653 129
-653 170
-653 670
-652 -1104
-652 -179
-652 87
-651 -1134
-651 -15
-651 96
-651 146
-651 758
-651 923
-650 -230
-650 -1
-650 835
-649 -1105
-649 82
-649 93
-649 135
-648 -1454
-648 -712
-648 141
-647 -1140
-647 -1107
-647 -721
-647 -115
-647 90
-647 208
-647 702
-646 -1398
-645 -272
-645 -190
-645 764
-645 838
-644 -1145
-644 -1110
-644 76
-644 171
-643 -8
-643 85
-642 -710
-642 668
-641 -1148
-640 -718
-640 -25
-639 -1115
-639 -201
-639 69
-638 -1149
-638 -243
-638 842
-637 -709
-637 -518
-637 210
-637 772
-636 -15
-636 79
-636 172
-635 -1121
-634 -1148
-634 -716
-634 -210
-634 63
-634 138
-634 927
-633 -1391
-633 136
-632 -1128
-632 -709
-632 140
-631 -1145
-631 -1134
-631 -289
-631 847
-630 -1140
-630 -217
-630 -34
-630 -20
-630 134
-630 142
-630 665
-629 173
-629 212
-628 -714
-628 -575
-628 -252
-628 -223
-628 57
-628 143
-628 781
-627 -1444
-627 -709
-627 -228
-627 -226
-626 -230
-626 71
-626 132
-625 -713
-625 -232
-625 144
-624 -1248
-624 -1243
-624 -1238
-624 -1231
-624 -1231
-624 -1224
-624 -1218
-624 -1214
-624 -710
-624 -233
-624 -23
-624 175
-623 -1385
-623 -1251
-623 -1211
-623 -712
-623 -711
-623 852
-622 -1253
-622 -1253
-622 -1209
-622 -1209
-622 -234
-621 -1252
-621 -1210
-621 -235
-621 145
-621 176
-620 -1249
-620 -1213
-620 -39
-620 178
-620 180
-620 215
-620 659
-619 -1245
-619 -1217
-619 -257
-619 -236
-619 -26
-619 130
-619 791
-618 -1241
-618 -1236
-618 -1231
-618 -1226
-618 -1221
-618 -162
-618 183
-617 -236
-617 146
-616 -306
-616 935
-615 -524
-615 -236
-615 42
-615 185
-615 857
-614 -1379
-614 -276
-614 62
-614 218
-614 1049
-613 -237
-613 -41
-613 -27
-613 146
-612 -286
-612 -268
-612 -258
-612 651
-611 -238
-611 188
-610 129
-609 -1432
-609 -239
-609 -41
-609 1018
-608 -262
-608 -255
-608 -241
-608 -27
-608 145
-608 221
-608 803
-607 -244
-607 -242
-607 642
-606 -875
-606 -855
-606 -297
-606 -246
-606 191
-606 747
-605 -1373
-605 -39
-605 634
-604 -896
-604 -259
-604 28
-603 -838
-603 -25
-603 145
-603 618
-602 -322
-601 -37
-601 597
-601 984
-600 -258
-600 52
-600 128
-600 193
-599 -920
-599 570
-598 -826
-598 145
-598 815
-598 1028
-597 -1367
-597 -308
-597 15
-597 539
-596 -33
-596 -21
-596 948
-595 -259
-595 145
-595 505
-593 -1417
-593 160
-593 163
-593 196
-593 468
-593 871
-593 1060
-592 -945
-592 -533
-592 -15
-592 4
-592 146
-592 157
-592 166
-592 429
-591 -29
-591 148
-591 153
-590 -1361
-590 -816
-590 -262
-590 -6
-590 150
-590 167
-589 127
-588 -336
-588 1037
-587 -318
-587 -24
-587 168
-586 198
-585 -268
-584 -1355
-584 -598
-584 -213
-584 42
-584 238
-583 -1400
-583 -973
-583 168
-582 -19
-580 959
-579 -1350
-579 -807
-579 -276
-579 200
-579 838
-579 1045
-578 -14
-578 168
-576 -1384
-576 -1346
-576 -349
-576 126
-576 880
-575 -327
-575 338
-575 353
-574 365
-574 1069
-573 -1431
-572 -1433
-572 -1426
-572 -287
-572 -287
-572 -6
-572 202
-572 318
-571 -1369
-571 -1004
-571 166
-570 -1421
-570 -1338
-570 373
-569 -235
-569 1052
-568 -294
-567 -1356
-567 -1335
-567 -801
-567 -545
-567 31
-567 295
-566 -1432
-566 -1413
-566 1
-566 857
-566 967
-565 -1346
-565 -1338
-565 -9
-565 -6
-565 165
-565 204
-565 514
-565 556
-565 607
-565 792
-564 -359
-564 -299
-564 -14
-564 -5
-564 481
-564 882
-563 -1404
-563 -334
-563 -4
-563 378
-562 5
-562 456
-561 -4
-561 1058
-560 206
-560 267
-560 437
-560 871
-559 -305
-559 -18
-559 -5
-559 165
-559 879
-558 -1395
-558 7
-558 126
-558 256
-558 424
-558 1073
-556 -1426
-556 -1036
-556 -6
-555 -309
-555 -256
-555 165
-555 207
-555 245
-555 379
-554 8
-554 415
-554 971
-554 1062
-553 -22
-553 -8
-553 235
-552 -1384
-552 -796
-552 -370
-551 -337
-551 166
-551 208
-551 227
-550 -313
-550 -11
-550 7
-550 410
-549 20
-549 209
-549 220
-548 168
-548 210
-548 211
-548 214
-548 1065
-547 380
-546 -1373
-546 -337
-546 -316
-546 -13
-546 4
-546 170
-545 -26
-545 172
-545 446
-545 646
-545 1040
-544 126
-544 175
-544 175
-544 179
-544 716
-544 1066
-543 -1416
-543 -626
-543 -15
-543 181
-543 183
-543 403
-543 771
-542 -318
-542 -275
-542 183
-542 972
-542 1075
-541 -559
-541 -381
-541 -337
-541 0
-541 182
-541 381
-541 813
-540 -17
-540 181
-540 1065
-539 -318
-539 178
-538 398
-538 842
-537 -18
-537 -2
-537 174
-537 384
-536 -794
-536 -337
-536 -318
-536 -28
-536 171
-536 392
-535 167
-535 388
-534 -916
-534 -903
-534 -19
-534 -5
-534 859
-533 -319
-533 127
-533 163
-532 -1092
-532 -933
-532 -390
-532 -336
-532 -20
-532 -8
-532 9
-532 1060
-531 -895
-531 -320
-531 158
-531 969
-530 -292
-530 -19
-530 -11
-529 -335
-529 -321
-529 -19
-529 -13
-529 154
-528 -1402
-528 -954
-528 -29
-528 -17
-528 -16
-528 866
-527 -323
-527 149
-526 -333
-526 128
-526 1073
-525 -893
-525 -331
-525 -327
-525 -325
-525 145
-524 -1331
-524 -400
-524 -329
-523 142
-523 1053
-522 -894
-522 130
-522 862
-521 -978
-521 137
-520 -795
-520 -307
-520 -28
-520 133
-520 962
-519 368
-518 -409
-518 365
-517 369
-516 -898
-516 -1
-516 361
-514 -1140
-514 -419
-514 -26
-513 850
-512 -1386
-512 -1004
-512 -577
-512 -318
-512 356
-512 1044
-511 -25
-511 149
-511 157
-511 163
-510 -905
-510 -428
-510 139
-510 167
-510 366
-510 841
-509 -1293
-509 -657
-509 131
-509 169
-509 1067
-508 -438
-508 -24
-508 123
-508 350
-508 952
-507 -325
-507 169
-507 830
-506 -447
-506 116
-505 -24
-505 168
-505 814
-504 -328
-503 -798
-503 -457
-503 109
-503 561
-503 607
-503 664
-503 795
-502 -1182
-502 -25
-502 342
-502 525
-502 705
-502 741
-502 770
-501 -915
-501 -11
-501 102
-501 107
-501 109
-501 165
-500 -1256
-500 -1033
-500 -584
-500 111
-500 499
-499 -467
-499 104
-499 112
-499 358
-499 1033
-498 -1370
-498 -1220
-498 -26
-498 96
-497 481
-496 92
-496 100
-496 112
-495 334
-495 938
-494 -479
-494 -340
-494 -27
-494 159
-493 89
-493 95
-492 -926
-492 -801
-492 112
-492 469
-491 -589
-491 -29
-490 1058
-489 -490
-489 -19
-489 85
-489 90
-488 -32
-487 325
-487 325
-487 347
-486 -1355
-486 83
-486 86
-486 156
-486 463
-485 -34
-485 82
-485 83
-485 112
-485 1021
-484 -804
-484 -592
-484 82
-483 -690
-483 -501
-482 -939
-481 -36
-480 -1083
-479 -27
-479 109
-479 317
-478 -357
-478 -38
-478 381
-478 974
-477 -1342
-477 -808
-477 -594
-477 -512
-477 154
-477 461
-475 -39
-474 333
-473 -812
-473 -447
-473 -40
-473 463
-472 -594
-472 -32
-472 106
-471 -953
-471 -522
-471 -454
-471 -442
-471 309
-470 -327
-470 -40
-470 470
-470 1007
-470 1046
-469 -819
-469 -764
-469 -760
-469 -757
-469 -753
-469 -326
-468 -767
-468 -749
-468 -721
-468 -592
-468 -40
-468 -37
-468 155
-467 -770
-467 -328
-467 -39
-467 77
-467 78
-467 482
-466 -827
-466 -462
-466 101
-466 502
-465 -1128
-465 -773
-465 -439
-465 -323
-465 75
-465 77
-464 -838
-464 302
-464 531
-463 -1311
-463 -774
-463 -589
-463 -536
-463 76
-463 569
-463 619
-463 681
-463 901
-462 -851
-462 71
-461 -775
-461 96
-461 320
-460 -863
-460 -379
-460 75
-460 158
-459 -968
-459 -774
-459 -320
-458 -584
-458 -471
-458 75
-458 297
-457 -874
-457 -771
-457 -438
-457 -327
-457 66
-456 -548
-456 75
-456 90
-455 -1170
-455 -767
-455 75
-455 992
-454 -1278
-454 -883
-454 -761
-454 76
-454 84
-453 -753
-453 -744
-453 -733
-453 -579
-453 77
-453 79
-453 293
-452 -557
-452 60
-451 -714
-451 163
-451 307
-450 -1244
-450 -1208
-450 -892
-450 -575
-450 1033
-449 -570
-449 -564
-449 -316
-448 290
-447 -694
-447 -480
-446 -439
-445 -901
-445 289
-445 297
-444 -325
-444 52
-444 290
-442 170
-441 -673
-441 -402
-439 -909
-438 -312
-437 -997
-437 67
-436 -489
-436 45
-436 60
-436 75
-435 -441
-434 179
-434 1025
-433 -652
-433 85
-432 -917
-432 12
-432 15
-432 15
-432 18
-432 21
-432 55
-431 9
-431 24
-431 26
-430 6
-430 28
-430 29
-429 4
-429 30
-429 185
-428 -322
-428 2
-428 30
-427 30
-427 97
-426 1
-426 29
-426 52
-425 -634
-425 28
-424 -497
-424 -307
-424 0
-424 190
-423 -925
-423 -444
-423 -424
-423 26
-422 0
-422 24
-422 1019
-421 21
-420 0
-420 193
-419 1
-419 18
-419 111
-418 2
-418 15
-418 25
-417 -931
-417 -40
-417 -35
-417 4
-417 9
-417 12
-417 51
-417 196
-416 -1021
-416 -619
-416 -34
-416 6
-416 264
-416 269
-416 272
-414 -37
-414 51
-414 119
-414 197
-414 258
-414 274
-413 -55
-413 1017
-412 196
-411 -938
-411 -504
-411 -449
-411 -44
-411 50
-411 250
-411 276
-411 316
-411 612
-411 908
-410 -542
-410 -539
-410 -442
-410 -317
-410 195
-408 -536
-408 -302
-408 48
-408 128
-408 192
-408 239
-407 -609
-407 -544
-407 -76
-407 276
-406 -54
-406 46
-405 -944
-405 187
-405 227
-405 1018
-404 -533
-403 -547
-403 44
-403 137
-403 187
-403 214
-402 -453
-402 193
-402 202
-401 -951
-401 -455
-401 -67
-401 42
-401 277
-400 -605
-400 -508
-400 2
-400 1023
-399 39
-398 -529
-398 36
-397 -957
-397 -606
-397 -550
-397 -103
-397 147
-396 32
-395 -1040
-394 -963
-394 -852
-394 -607
-394 -82
-394 30
-394 278
-394 1030
-393 -511
-392 -969
-392 -524
-392 27
-392 157
-391 -973
-391 -312
-390 -985
-390 -296
-390 25
-389 -610
-389 -512
-389 127
-389 129
-389 131
-389 283
-389 1041
-388 -553
-388 -521
-388 -101
-388 123
-388 131
-388 166
-387 -891
-387 -890
-387 23
-387 118
-387 129
-386 -892
-386 -888
-386 -518
-386 -514
-386 -134
-386 296
-386 1047
-385 -995
-385 -516
-385 21
-385 127
-384 -893
-384 -886
-384 -23
-384 175
-383 -613
-383 320
-382 -883
-382 -556
-382 21
-382 95
-382 123
-382 358
-382 1053
-381 -892
-381 -12
-381 -9
-381 -7
-381 182
-381 415
-381 493
-381 597
-381 917
-380 -14
-380 -6
-380 20
-380 118
-379 -891
-379 -880
-379 -16
-379 -5
-378 -18
-378 -4
-378 76
-378 1058
-377 -1003
-377 -617
-377 110
-377 192
-376 -890
-376 -558
-376 -21
-376 -4
-376 22
-375 -1054
-375 -877
-375 -877
-375 59
-374 -290
-374 -23
-374 -4
-374 27
-374 99
-373 -306
-373 -168
-373 -141
-373 -24
-373 -4
-373 34
-373 45
-373 199
-373 1064
-372 -888
-370 -848
-370 -621
-370 -559
-370 -50
-370 -26
-370 -5
-370 85
-369 -886
-369 205
-368 -27
-368 -7
-367 -830
-367 1069
-366 -1010
-366 -883
-366 -871
-366 -28
-366 -9
-366 70
-366 209
-365 -561
-365 -28
-365 -11
-363 -880
-363 -27
-363 -13
-362 -626
-362 -27
-362 -15
-362 53
-362 1074
-361 -284
-361 -26
-361 -18
-361 211
-361 582
-360 -877
-360 -867
-360 -562
-360 -527
-360 -201
-360 -172
-360 -24
-360 -22
-360 -22
-360 -20
-359 -824
-359 -520
-358 35
-358 821
-357 -844
-357 -533
-357 -78
-357 212
-356 1079
-355 -871
-355 -864
-355 -563
-355 -300
-355 17
-355 1061
-354 -1065
-354 -631
-354 -513
-353 -818
-352 -866
-352 -863
-352 -564
-351 -1015
-351 -864
-351 -2
-351 212
-351 1082
-351 1082
-350 -539
-350 -279
-350 -194
-349 -564
-348 -811
-348 -107
-347 53
-347 58
-347 60
-346 -838
-346 -542
-346 -234
-346 -19
-345 -804
-345 -564
-345 -504
-345 46
-345 46
-345 59
-344 211
-343 -546
-342 -796
-342 -561
-342 -275
-342 -206
-342 -36
-342 33
-342 55
-341 -558
-341 -550
-340 -786
-340 -555
-340 -135
-340 359
-340 1086
-339 -774
-339 -761
-339 -761
-339 -294
-339 210
-339 337
-339 370
-339 381
-338 -713
-338 -51
-338 48
-338 392
-337 -828
-337 -209
-337 20
-337 321
-337 402
-336 -271
-336 -164
-335 -293
-335 411
-334 -203
-334 -188
-334 -64
-334 209
-333 -267
-333 -264
-333 39
-333 419
-332 -1072
-332 -495
-332 309
-331 -1019
-331 6
-331 426
-330 -816
-330 -294
-330 -75
-329 210
-329 431
-329 583
-329 809
-329 809
-329 1035
-328 -751
-328 -125
-327 -136
-327 -117
-327 -111
-326 -801
-326 -149
-326 -83
-326 26
-326 437
-325 -648
-325 -298
-325 -108
-324 -786
-324 -769
-324 -166
-324 -6
-324 211
-324 302
-323 -106
-323 -88
-322 -185
-322 442
-321 16
-321 1089
-320 -200
-320 -107
-319 -304
-319 213
-319 445
-318 -17
-317 -567
-317 -562
-317 -213
-317 -94
-316 -572
-316 6
-315 -557
-315 -110
-315 215
-314 -485
-314 445
-313 -313
-313 -224
-313 -99
-313 300
-312 -578
-312 -111
-312 -25
-312 -3
-311 218
-310 -551
-310 -110
-310 -104
-309 -746
-309 -745
-309 -271
-309 -232
-309 -107
-308 -1076
-308 -1021
-308 -747
-308 -743
-308 -275
-308 -262
-308 -11
-308 222
-308 444
-307 -741
-307 -586
-307 -29
-306 -747
-306 -325
-306 -282
-306 -18
-305 -739
-305 -257
-305 513
-304 -747
-304 -545
-304 -290
-304 -23
-304 190
-303 -240
-303 -29
-303 -27
-303 186
-303 190
-302 -737
-301 -747
-301 -257
-301 189
-300 -301
-300 441
-299 -735
-299 180
-298 -746
-298 -340
-297 302
-296 -248
-296 185
-295 -745
-295 -733
-295 -537
-295 -313
-295 -260
-294 -599
-293 171
-293 1091
-292 -474
-292 235
-292 835
-292 890
-292 937
-291 -743
-291 -731
-291 776
-290 -326
-290 971
-289 -359
-289 179
-289 435
-289 719
-288 -662
-288 -157
-288 -155
-288 -155
-288 -155
-287 -267
-287 -255
-287 987
-286 -742
-286 -729
-286 -729
-286 -160
-286 -156
-286 532
-286 669
-285 159
-285 159
-284 -340
-284 175
-283 -163
-283 -158
-282 -1077
-282 629
-282 994
-281 -528
-281 619
-280 -740
-280 -727
-279 -1023
-279 -278
-279 -168
-279 -160
-279 150
-279 169
-278 -354
-278 610
-277 307
-276 -265
-275 -173
-275 -164
-275 428
-275 600
-275 999
-274 -611
-274 -389
-274 140
-274 163
-273 -725
-272 -738
-272 591
-270 -1078
-270 -178
-270 -169
-269 -293
-269 157
-268 129
-268 582
-267 249
-265 -724
-265 -521
-265 -277
-264 -384
-264 -184
-264 -174
-264 151
-264 1002
-263 -736
-263 118
-263 573
-262 -409
-262 421
-261 -1023
-259 108
-259 144
-258 -311
-258 -190
-258 -180
-258 566
-256 -1079
-256 -722
-256 97
-256 138
-255 -422
-255 -406
-255 -290
-254 1093
-253 -734
-253 88
-253 560
-252 -321
-252 133
-251 -425
-251 -420
-251 -196
-251 -186
-251 79
-251 316
-250 71
-250 1004
-249 -621
-249 -237
-249 -234
-249 -232
-249 444
-248 -231
-248 63
-248 416
-247 -516
-247 -240
-247 884
-246 -721
-246 -674
-246 -330
-246 -303
-246 -201
-246 -192
-246 56
-246 118
-246 652
-246 859
-245 -245
-245 -231
-245 552
-244 50
-243 -1025
-243 -732
-242 482
-241 -1081
-241 -338
-241 -251
-241 44
-241 685
-240 -235
-240 -206
-240 -197
-240 101
-239 39
-239 620
-239 907
-238 -317
-237 -257
-237 -257
-237 36
-237 322
-237 546
-236 -721
-236 -345
-236 -209
-236 -202
-236 833
-235 84
-235 264
-234 -242
-234 34
-234 412
-233 -263
-232 -730
-232 -349
-232 -329
-232 -212
-232 -206
-232 1004
-231 -129
-231 34
-231 67
-229 -352
-229 -214
-229 -210
-229 -136
-229 41
-229 52
-229 541
-228 -513
-228 -353
-228 -341
-228 -269
-228 -215
-228 -213
-227 -351
-227 -251
-227 -214
-227 -122
-226 -720
-226 -139
-225 -399
-225 -395
-225 -390
-225 -390
-225 -385
-225 -381
-224 -1083
-224 -1027
-224 -440
-224 -404
-224 -402
-224 -378
-224 -376
-224 -274
-224 929
-223 -406
-223 -374
-223 715
-222 -728
-222 -406
-222 -374
-222 -140
-222 326
-221 -630
-221 -405
-221 -375
-221 -278
-221 -261
-221 537
-220 -403
-220 -377
-220 -31
-220 592
-219 -400
-219 -397
-219 -383
-219 -380
-219 -141
-218 -393
-218 -390
-218 -387
-218 -115
-218 -33
-218 -29
-218 205
-218 207
-218 409
-217 -720
-217 -282
-217 205
-217 809
-215 -285
-215 -271
-215 -141
-215 -37
-215 -37
-215 -30
-215 212
-214 -921
-213 -287
-212 -915
-212 -287
-212 -279
-212 207
-211 -139
-210 -923
-210 -285
-210 -41
-210 52
-210 54
-210 219
-210 535
-209 -512
-209 -32
-209 49
-209 801
-209 1004
-208 117
-208 118
-207 -1086
-207 -923
-207 -137
-207 55
-207 117
-206 45
-206 45
-206 119
-206 330
-206 605
-206 651
-206 697
-206 820
-206 872
-206 924
-205 -1030
-205 -907
-205 212
-205 224
-204 -922
-204 -108
-204 -45
-204 116
-204 116
-203 43
-203 120
-202 -133
-202 55
-202 795
-201 -920
-201 277
-201 947
-201 1095
-200 -683
-200 -35
-200 41
-200 115
-200 230
-199 -469
-199 407
-198 120
-197 -917
-197 39
-197 534
-196 -128
-196 -50
-195 -897
-195 54
-195 114
-195 219
-194 37
-194 739
-194 790
-193 -914
-193 -636
-193 120
-193 237
-192 -514
-191 114
-190 37
-190 333
-189 -1090
-189 -911
-189 -39
-189 572
-187 -102
-187 -55
-187 36
-186 -1033
-186 52
-186 114
-186 120
-186 786
-185 -907
-185 243
-184 -121
-183 36
-182 -886
-182 229
-181 -903
-181 -349
-181 114
-181 1001
-180 37
-180 533
-179 120
-178 -519
-178 -423
-178 783
-177 -60
-177 38
-177 250
-176 -898
-176 -46
-176 114
-176 651
-176 866
-175 -498
-175 406
-175 647
-175 655
-175 862
-175 871
-174 39
-174 335
-173 49
-173 120
-172 -1094
-172 39
-172 115
-172 643
-172 859
-172 874
-172 960
-171 659
-170 -894
-170 -721
-170 39
-169 -876
-169 120
-169 256
-169 288
-169 781
-168 -1037
-168 -115
-168 -97
-168 38
-168 116
-168 1035
-167 -525
-166 -639
-166 -64
-166 36
-166 37
-166 119
-166 641
-166 856
-166 877
-165 34
-165 117
-165 661
-164 -529
-164 117
-164 118
-163 -889
-163 -51
-163 32
-163 47
-163 242
-161 -734
-161 -732
-161 -730
-161 -531
-161 261
-160 -736
-160 533
-160 779
-159 -729
-159 -532
-158 -739
-158 -532
-158 31
-158 639
-158 854
-157 -728
-157 337
-157 879
-156 -885
-156 -743
-156 -531
-156 -530
-156 663
-155 -1098
-155 -867
-155 -527
-155 -523
-155 -520
-155 -69
-154 -518
-153 -746
-153 -518
-153 266
-152 754
-151 -1041
-151 -518
-151 779
-150 -731
-150 -690
-150 -111
-150 44
-149 -519
-149 -56
-149 29
-148 -880
-148 -94
-147 -521
-146 -755
-146 562
-146 637
-146 852
-146 998
-146 998
-145 -479
-145 -477
-145 111
-145 271
-145 405
-144 -638
-144 -525
-144 -486
-144 -483
-144 109
-144 109
-144 880
-143 -491
-143 -73
-143 533
-143 665
-142 -737
-142 -495
-142 108
-142 254
-141 -861
-141 -529
-141 -500
-141 296
-140 -505
-140 -472
-140 112
-140 338
-139 -876
-139 -509
-139 107
-138 -769
-138 275
-137 27
-137 969
-136 -1046
-136 -535
-136 42
-136 561
-136 758
-135 -858
-135 106
-135 778
-134 -518
-134 -61
-134 997
-133 -746
-133 1096
-132 112
-131 -873
-131 -539
-131 279
-130 -785
-130 636
-130 852
-129 -856
-129 -109
-129 104
-128 -633
-128 534
-128 560
-127 -526
-127 -467
-127 -92
-127 881
-126 970
-125 -632
-125 283
-125 666
-124 -911
-124 -907
-124 -907
-124 -758
-124 -542
-124 762
-124 776
-123 -1005
-123 -1005
-123 -1003
-123 -917
-123 -914
-123 -903
-123 -900
-123 -853
-123 -491
-123 -489
-123 26
-122 -1106
-122 -919
-122 -898
-122 -870
-122 -801
-122 -631
-122 -491
-122 103
-122 111
-122 338
-122 447
-122 482
-122 995
-121 -1005
-121 -1000
-121 -921
-121 -896
-121 -896
-121 -488
-121 287
-121 298
-120 -921
-120 -897
-120 -631
-120 -492
-120 39
-120 263
-120 558
-119 -1003
-119 -921
-119 -898
-118 -996
-118 -921
-118 -851
-118 -532
-118 -485
-118 -66
-118 766
-117 -919
-117 -901
-117 -631
-117 -545
-117 -492
-117 -349
-117 290
-117 535
-117 773
-116 -917
-116 -915
-116 -907
-116 -904
-116 -771
-116 972
-115 -1000
-115 -912
-115 -909
-115 -631
-115 101
-115 292
-115 770
-114 -992
-114 -818
-114 -483
-114 -483
-114 294
-113 -849
-113 -633
-112 -492
-112 556
-111 -996
-111 -634
-111 993
-110 -1054
-110 -987
-110 -867
-110 -848
-110 -481
-110 110
-110 636
-110 851
-109 -831
-109 -786
-109 -636
-109 -460
-109 405
-109 405
-108 -493
-108 536
-107 -847
-107 -546
-107 -536
-107 -479
-107 -109
-107 25
-107 100
-107 974
-106 -992
-106 -846
-106 -842
-106 -638
-106 338
-106 553
-106 881
-105 -981
-105 -493
-104 -479
-104 605
-104 697
-104 820
-104 920
-103 -801
-103 -70
-103 37
-102 -495
-102 538
-102 666
-102 991
-101 -479
-101 551
-100 -987
-100 -865
-100 -640
-99 -975
-99 -975
-99 -816
-99 -496
-99 99
-99 976
-98 -480
-98 108
-98 540
-98 548
-97 -694
-97 -498
-96 -829
-96 -538
-96 448
-96 543
-96 546
-95 -547
-95 -500
-95 -482
-95 271
-94 -1112
-94 -981
-94 -505
-94 -502
-94 989
-93 -968
-93 -840
-93 -510
-93 -509
-93 -507
-93 -485
-92 -864
-92 -511
-92 -313
-92 -312
-92 978
-91 -642
-91 -512
-91 -314
-91 -314
-91 -311
-90 -512
-90 -489
-90 -348
-90 24
-89 -1060
-89 -846
-89 -511
-89 -492
-89 -315
-89 -310
-89 97
-88 -975
-88 -510
-88 -92
-88 339
-88 980
-88 987
-87 -963
-87 -495
-87 -454
-87 -316
-87 -309
-87 -74
-87 105
-86 -509
-86 -507
-86 -504
-86 -502
-86 -498
-86 34
-85 -864
-85 -539
-85 -317
-85 -111
-85 636
-85 851
-85 985
-84 -309
-84 982
-83 -968
-83 -849
-83 984
-82 -317
-81 -957
-81 -309
-81 96
-80 -643
-80 -547
-80 -317
-79 882
-78 -865
-78 -93
-78 102
-77 -963
-77 -317
-77 -309
-76 -953
-76 96
-74 -849
-74 -536
-74 -316
-74 100
-73 -957
-73 -494
-73 -492
-73 -492
-73 -490
-73 -309
-73 -76
-73 666
-72 -949
-72 -498
-72 -496
-72 -488
-72 -487
-72 96
-72 449
-71 -868
-71 -500
-71 -485
-71 -315
-71 97
-71 98
-70 -1115
-70 -1064
-70 -309
-70 24
-70 340
-70 405
-69 -953
-69 -502
-69 -484
-69 -314
-69 32
-68 -946
-68 -504
-68 -483
-68 -310
-68 278
-67 -313
-67 -311
-66 -949
-66 -944
-66 -645
-66 -532
-66 -506
-66 -483
-66 -312
-65 -507
-65 -482
-65 -449
-65 -115
-65 635
-65 851
-64 -946
-64 -944
-64 -944
-63 -873
-63 -846
-63 -508
-63 -483
-63 164
-62 -547
-62 -530
-62 -345
-62 166
-61 -508
-61 -483
-61 157
-60 -507
-60 -485
-60 -78
-60 169
-59 -528
-59 882
-58 -506
-58 -487
-58 84
-57 -505
-57 -503
-57 -491
-57 -489
-57 150
-57 173
-56 -500
-56 -497
-56 -494
-55 -879
-54 -527
-53 -1066
-53 -412
-53 30
-53 178
-52 -854
-52 -646
-52 -414
-52 -410
-52 144
-51 341
-50 -1117
-50 -408
-49 -884
-49 -546
-49 -526
-49 -416
-49 449
-48 -839
-48 183
-48 1096
-47 635
-47 850
-46 -405
-46 -122
-44 -526
-44 -445
-44 -417
-44 137
-43 -695
-42 -890
-42 -80
-42 189
-41 -401
-41 882
-40 406
-39 -526
-39 -125
-38 -1066
-38 -419
-38 159
-37 166
-37 283
-36 -545
-36 -397
-36 131
-36 155
-36 194
-35 -896
-35 -646
-35 -113
-33 -526
-33 -339
-33 175
-33 343
-32 -129
-32 84
-32 92
-32 92
-31 -1116
-31 -420
-30 634
-30 849
-29 -830
-29 -394
-29 -93
-29 150
-29 200
-29 450
-28 -903
-28 -527
-28 -81
-28 156
-28 158
-28 183
-27 127
-26 -442
-26 84
-26 94
-26 155
-26 161
-25 -134
-24 -1064
-24 -543
-24 -118
-24 155
-24 883
-23 -421
-23 165
-22 -911
-22 -841
-22 -528
-22 -390
-22 207
-21 191
-20 84
-20 95
-20 157
-19 -140
-18 -646
-18 -82
-18 124
-18 171
-17 -529
-17 407
-16 -896
-16 -839
-16 144
-16 158
-16 214
-16 632
-16 848
-15 -1113
-15 -919
-15 -443
-15 -123
-15 345
-14 -421
-14 -386
-13 -542
-13 -443
-13 -146
-13 -93
-13 85
-13 97
-13 198
-12 -529
-12 158
-12 178
-11 -81
-11 450
-10 -442
-10 123
-10 220
-9 -1061
-9 -926
-9 -904
-9 -835
-9 158
-8 -528
-8 -152
-8 183
-8 885
-7 -128
-6 -442
-6 -79
-6 86
-6 98
-6 227
-6 1035
-5 -816
-5 -527
-5 122
-5 158
-5 203
-4 -933
-4 -540
-4 -421
-4 -159
-4 630
-4 846
-4 975
-3 -913
-3 -832
-3 -332
-3 -76
-3 188
-2 -525
-2 -72
-2 157
-2 233
-2 287
-2 916
-1 -441
-1 -166
-1 -134
-1 -66
-1 -60
-1 -57
-1 482
-1 543
-1 605
-1 697
-1 759
-1 820
0 -1108
0 -92
0 -54
0 156
0 193
0 239
0 261
0 264
1 -940
1 -522
1 -53
1 87
1 99
1 121
1 138
1 245
1 250
1 250
1 256
1 264
1 347
1 409
2 -518
2 -53
2 197
2 205
2 263
2 451
3 -921
3 -828
3 -647
3 -439
3 155
4 -538
4 -55
4 153
4 200
4 203
4 204
4 260
4 886
5 -945
5 -177
5 -140
6 -485
6 -482
6 -479
6 -58
6 151
6 169
6 173
6 178
6 255
6 628
6 844
7 -1056
7 -512
7 89
7 100
8 -825
8 -487
8 -475
8 120
8 149
8 165
8 183
9 -950
9 -929
9 -536
9 -437
9 -185
9 -146
9 -90
9 -62
9 248
9 943
9 989
9 989
9 1035
10 -470
10 -470
10 148
11 -488
11 -422
11 162
11 191
11 243
12 -953
12 -692
12 451
13 -937
13 -821
13 -534
13 -189
13 -152
13 146
13 626
13 841
14 -508
14 -436
14 -71
14 90
14 100
14 239
14 888
15 -955
15 -532
15 -489
15 -463
15 -159
15 -87
15 118
15 412
16 -1100
16 -1052
16 -943
16 -190
16 159
16 201
16 236
16 349
17 -955
17 -818
17 -78
17 145
17 451
17 623
17 839
18 -948
18 -187
18 -172
18 -83
19 -979
19 -978
19 -955
19 -952
19 -800
19 -530
19 -459
19 -433
19 -181
19 92
19 100
19 233
20 -981
20 -978
20 -815
20 -490
20 144
20 208
20 834
21 -985
21 -647
21 130
21 890
22 -989
22 -422
22 231
22 828
23 -994
23 -979
23 -812
23 -528
23 -505
23 115
23 155
23 458
23 611
24 -1049
24 -490
24 -457
24 -368
24 22
24 144
24 819
24 892
24 1064
25 -1000
25 212
25 230
26 -979
26 -809
26 808
27 -1006
27 -526
27 -430
27 230
27 416
27 475
27 589
27 894
28 -489
28 144
28 153
28 795
29 -1046
29 -1012
29 -807
29 -457
29 -423
29 -322
29 213
29 230
29 501
29 561
29 666
29 746
29 764
29 780
30 -691
30 352
30 531
31 -1023
31 -980
31 -488
31 113
31 231
31 896
32 -1042
32 -804
32 -525
32 -427
32 144
33 -1037
33 -1031
33 -503
33 -459
33 -424
33 150
33 211
33 232
34 -487
34 -425
35 145
35 148
35 232
36 -803
36 -485
36 146
36 898
37 -524
37 -463
37 147
37 232
37 290
37 422
38 -982
38 -648
38 -483
38 109
38 231
39 -801
39 -480
39 -469
39 207
39 230
40 -477
40 124
40 223
40 226
40 228
41 -781
41 220
42 -801
42 -524
42 308
42 310
43 -503
43 216
43 306
43 353
43 899
45 -983
45 -800
45 100
45 199
46 -690
46 106
46 212
46 304
46 318
47 -397
48 -523
49 208
49 303
49 430
51 324
51 900
52 -985
52 -650
52 -523
52 -505
52 -404
53 189
53 203
53 301
54 135
54 137
54 139
54 291
55 134
55 142
56 133
57 -523
57 145
57 198
57 355
57 1097
58 -413
58 118
58 133
58 181
58 329
59 -805
59 301
60 -762
60 -522
60 -508
60 148
60 901
61 -987
61 -310
61 100
61 194
62 -689
62 175
63 -652
63 -520
63 -423
63 152
65 -519
65 -513
65 156
65 170
65 301
65 332
66 -517
66 -515
66 135
66 161
66 165
67 -1072
68 185
69 -434
69 291
69 902
70 -385
70 355
71 -386
71 -261
71 -257
71 140
72 -390
72 -383
72 -270
72 -266
72 -252
72 -248
72 175
72 301
73 -274
73 -272
73 -244
73 114
74 -655
74 -446
74 -394
74 -274
74 -240
74 97
74 147
74 333
75 -818
75 -689
75 -273
75 -237
75 165
76 -379
76 -235
76 156
77 -743
77 -400
77 -270
77 -233
77 -233
78 -267
79 -991
79 -458
79 -264
79 -232
79 902
80 -407
80 -231
80 291
81 -260
81 -57
81 -50
81 -44
81 -39
81 112
81 301
81 943
82 -658
82 -374
82 -230
82 -62
82 -36
82 201
82 204
82 207
82 211
82 211
82 215
82 218
82 356
83 -414
83 -257
83 -66
83 -34
83 113
83 199
83 220
83 456
84 -470
84 -34
84 197
84 221
84 222
84 334
85 -254
85 -230
85 -68
85 97
85 115
85 196
85 221
86 -689
86 -35
86 196
87 -422
87 -251
87 -230
87 119
87 197
87 220
88 -482
88 -70
88 -37
88 199
88 217
89 -662
89 -249
89 -231
89 124
89 201
89 203
89 211
89 214
89 290
89 300
90 -724
90 206
90 208
91 -368
91 -232
91 -71
91 -41
91 129
92 -430
92 -247
92 356
93 -837
93 136
94 -690
94 -500
94 -245
94 -233
94 -46
94 101
94 143
94 332
95 -296
95 -70
95 288
95 299
96 -992
96 -667
96 -440
96 -244
96 -234
96 150
97 -242
97 -236
97 -48
98 -707
98 -513
98 -240
98 -239
98 -237
98 158
99 -691
99 298
100 -449
100 -50
100 167
100 286
101 -692
101 -671
101 -522
101 -361
101 -69
101 108
101 355
101 1064
103 -50
103 175
103 282
103 295
104 -526
104 -459
105 -1051
105 -673
105 278
105 292
105 328
106 -526
106 -469
106 183
106 274
107 -523
107 -68
107 -48
107 119
107 272
107 287
108 -673
108 -515
108 -479
108 -140
108 271
108 271
108 278
108 282
108 354
109 -505
109 -488
109 -144
109 -134
109 191
109 272
109 274
110 -672
110 -497
110 -125
110 420
111 -991
111 -860
111 -669
111 -147
111 -68
111 -45
111 133
112 -665
112 -113
112 198
113 -660
113 -657
113 -353
113 325
114 -656
114 -149
114 -68
114 151
115 -657
115 -96
115 159
115 204
116 -660
116 -87
116 -70
116 168
117 -664
117 -151
117 -79
117 -74
117 -40
117 411
118 176
119 -670
119 184
119 209
119 322
120 -151
120 458
121 -678
121 192
122 -150
123 -686
123 -148
123 -116
123 -108
123 199
123 346
123 680
124 -695
124 -145
124 -123
124 -101
124 -60
124 -34
124 -34
124 77
124 86
124 216
124 318
125 -987
125 -141
125 -136
125 -130
125 -95
125 -61
125 -57
125 205
126 -704
126 -344
127 -886
127 -88
127 -53
127 210
127 278
127 285
127 315
127 400
127 902
128 -712
128 -61
128 91
128 221
128 292
129 -281
129 216
129 270
129 300
129 310
130 -719
130 -82
130 62
130 224
130 305
131 -46
131 221
131 225
132 -726
132 -60
132 224
133 -834
133 -730
133 262
134 -1037
134 -77
134 -24
135 -734
136 -982
136 -736
137 -38
138 -736
138 -71
138 -58
139 43
139 92
139 386
140 -912
140 -335
140 253
141 -736
142 -274
142 -17
144 -65
144 -56
144 -27
144 331
145 -975
145 -736
146 29
147 -13
148 -60
148 -54
148 -19
149 -936
149 242
150 -967
150 -12
151 -735
151 -56
151 -55
151 -54
151 -14
152 -957
152 15
153 370
153 466
153 705
153 943
154 -267
155 -1030
156 -325
156 2
157 89
157 988
157 992
158 -734
158 984
158 994
159 -130
159 -11
159 978
160 -144
160 -110
161 -153
161 -85
161 -25
161 229
162 -891
162 -62
162 -42
162 973
164 -260
164 -159
165 -732
165 967
165 999
168 -163
168 309
168 353
168 961
169 -904
171 -314
172 -1028
172 -254
172 954
173 -730
173 -164
174 1065
176 -916
176 213
179 -247
179 944
179 1002
181 -782
181 -164
182 -728
182 82
184 -929
184 -303
184 933
185 -240
185 336
188 -1030
188 918
189 -232
189 -165
190 898
191 -772
192 870
193 -941
193 -224
193 782
193 832
194 -724
194 615
194 661
194 718
195 193
195 282
195 577
196 -293
196 -167
197 547
198 -208
198 1004
199 523
200 -171
201 -953
201 -762
201 -195
201 318
201 505
202 -177
203 -721
203 -184
205 -1036
205 492
207 -282
208 -684
208 -681
209 -963
209 -753
209 -687
209 -679
209 481
210 -717
211 -691
211 -678
213 -696
213 -677
213 475
214 -714
214 170
214 1035
215 -49
215 72
216 -702
216 -272
216 -70
216 -32
216 469
217 -972
217 -746
217 -711
217 -707
217 -677
218 300
219 -93
219 -17
219 464
219 1004
222 252
222 460
223 -263
224 -980
224 -740
224 -120
224 -6
225 456
226 -1046
228 68
228 453
229 -253
230 -735
230 -680
230 452
231 2
232 -150
232 451
233 145
233 918
234 -989
234 -733
234 456
235 5
235 469
236 -732
236 -241
236 491
237 -171
237 519
237 554
237 594
237 637
237 684
239 341
240 -735
240 -231
240 1004
240 1065
241 -188
241 10
241 64
243 -222
243 -201
244 -996
244 -212
247 -1054
248 -742
248 -688
248 16
249 221
249 268
251 120
252 61
253 -1002
255 23
259 -754
259 952
259 1003
260 359
262 59
263 -1006
264 31
264 960
266 96
268 -701
269 967
270 -1060
270 57
272 39
273 -769
273 190
273 973
273 1000
274 241
275 -1008
275 306
276 980
277 55
277 77
278 985
280 990
280 994
280 996
280 996
281 48
281 55
283 55
283 62
284 938
285 712
286 487
289 -1009
290 -788
290 57
291 -718
293 219
294 161
295 -1064
299 1064
303 278
304 144
307 -1010
307 200
309 -809
312 132
316 -739
316 184
317 618
317 656
317 697
317 901
318 124
318 582
319 551
320 526
321 -1066
322 120
322 169
322 506
324 256
324 493
325 120
325 154
325 488
325 643
326 123
327 129
327 139
327 451
327 488
328 492
329 -832
329 498
330 -1010
330 508
330 547
330 563
331 519
331 532
332 98
338 238
342 -763
344 67
346 -1066
347 -1010
347 57
348 224
349 1064
351 -857
351 -857
351 42
351 941
353 477
354 212
355 22
357 200
358 178
358 189
358 679
358 777
358 795
359 -2
359 679
360 162
362 141
362 760
362 812
363 -1009
364 -29
364 678
365 116
368 -790
368 251
368 333
368 415
369 -59
369 88
369 686
370 -1064
370 827
371 744
372 678
374 -91
374 57
375 451
375 451
375 739
377 -1008
378 -123
378 -123
378 25
380 444
380 649
380 735
381 452
381 841
381 904
383 -160
384 -9
384 437
384 678
385 733
388 1063
389 429
389 444
390 -205
390 -49
391 -1006
391 733
392 420
392 651
392 696
393 -1059
394 -818
394 170
394 215
395 410
395 437
396 853
397 -255
398 400
399 -103
399 125
399 259
399 678
399 735
400 390
400 430
401 379
403 423
404 -1004
405 -309
405 333
405 652
406 414
407 380
407 393
407 405
408 -835
409 -167
409 302
410 75
410 739
412 -1053
413 861
414 -366
415 -1001
415 679
415 1062
419 653
419 944
419 990
419 1035
420 -1049
420 -240
423 -851
423 -423
423 343
423 709
424 -998
424 30
425 745
426 184
427 -1045
427 144
427 223
427 1061
431 -995
431 -480
431 106
431 258
432 -319
432 654
432 868
434 680
435 1059
436 -1039
436 -865
437 292
438 72
438 1097
440 -534
440 1056
441 383
443 -13
444 -1033
444 754
444 1052
445 -401
445 907
446 323
446 655
447 1045
448 -877
448 40
448 878
448 981
448 1036
449 1005
449 1022
452 -1027
455 682
458 -980
458 -646
458 -486
458 353
458 723
459 -887
459 655
460 -1020
461 10
461 553
461 763
462 551
462 553
462 889
463 549
463 553
464 421
464 1065
465 546
466 -51
466 551
467 -1013
468 -895
468 542
469 549
471 -733
471 -569
471 656
472 538
472 546
472 903
472 1056
473 381
474 -1006
475 -900
476 533
476 771
477 542
478 -18
478 1047
480 -902
481 -799
481 528
481 528
481 538
481 918
482 656
482 1039
484 -650
485 -900
486 523
486 533
486 684
486 936
486 1029
487 -845
488 779
488 1019
489 -892
489 -875
490 518
490 957
490 1008
491 408
491 528
491 980
491 995
492 456
492 456
492 566
493 -86
493 656
494 736
495 514
496 -725
496 523
497 787
498 -46
499 510
500 518
501 -973
503 467
503 507
503 657
504 514
506 504
506 510
506 796
507 -794
508 503
509 507
510 502
510 503
510 504
510 685
512 433
513 476
513 658
513 807
517 -854
520 443
521 660
521 821
522 -73
523 484
524 -116
525 -903
526 748
527 686
528 452
528 663
529 837
532 -941
533 489
534 665
535 460
537 -966
539 629
539 669
539 685
540 -975
541 468
541 493
542 524
543 673
543 864
545 -994
545 684
546 -977
546 474
547 -589
547 -96
547 493
547 678
548 681
549 -641
549 480
549 642
551 491
551 756
552 484
552 486
555 33
555 37
555 40
556 -538
556 28
556 44
556 818
557 808
558 24
558 47
559 -981
559 -143
559 888
560 18
560 656
560 800
560 829
561 49
562 -692
562 14
564 11
564 52
564 52
565 10
565 759
566 791
567 11
567 842
568 13
569 18
570 24
570 55
570 669
572 -116
572 29
572 759
573 783
574 -1004
574 33
575 -611
575 58
576 -490
577 36
577 910
578 -568
578 760
578 776
578 858
579 -986
580 -655
580 60
580 682
581 37
581 763
581 770
582 766
583 814
584 812
584 816
585 60
585 808
586 -740
586 821
587 38
588 804
590 694
590 826
591 -526
591 60
591 800
592 482
594 38
594 833
594 878
595 -56
595 -52
595 -52
595 -47
595 795
595 928
596 -697
596 -64
596 -61
596 -43
596 -39
597 -133
597 -67
597 -66
597 -37
597 -36
597 605
598 -165
598 -67
598 -36
598 614
599 -66
599 -37
599 59
599 601
599 704
600 -64
600 -39
600 789
600 841
601 -62
601 -42
602 -58
602 -55
602 -52
602 -48
602 -45
604 37
604 626
605 -992
605 601
605 783
606 -448
606 713
606 849
610 57
611 -488
611 777
612 643
612 720
613 858
614 606
615 35
615 902
615 943
621 -782
621 867
622 -1018
622 -146
623 55
624 663
627 615
630 461
631 34
631 460
632 466
634 461
634 677
634 954
637 -1000
637 474
638 51
638 748
639 -455
640 -757
640 192
640 466
641 690
643 34
644 160
644 483
646 -414
646 224
646 702
647 630
648 47
649 -156
649 476
650 556
650 714
650 825
651 36
652 725
653 495
653 495
653 769
653 961
654 42
654 482
654 738
654 752
655 -408
655 39
655 130
655 948
658 500
658 913
659 487
662 254
662 571
663 -813
663 505
664 493
664 642
665 -403
667 509
668 498
670 177
670 511
671 189
671 502
672 -1008
672 166
672 512
672 964
673 -428
673 202
673 505
673 585
674 512
675 -397
675 105
675 508
675 511
676 -163
676 509
677 154
678 215
679 650
680 882
681 -193
682 921
683 -1033
683 964
684 144
684 228
684 598
684 876
686 -393
688 542
688 870
689 277
689 277
689 538
689 547
691 135
692 239
693 -794
693 609
693 656
693 831
693 865
693 966
694 536
694 555
696 -604
697 -599
697 -388
697 860
698 -615
698 -594
699 127
700 -588
700 248
700 856
701 564
701 564
701 618
702 88
702 536
703 -627
703 -582
703 854
703 969
704 285
706 -167
706 658
706 852
707 -576
707 -385
707 570
707 851
708 121
708 625
709 254
710 -833
710 -640
710 853
710 893
711 -1016
711 -570
711 834
712 575
712 974
713 -411
713 537
713 629
715 858
716 -564
716 -382
716 578
716 630
717 116
718 290
719 -651
719 629
719 658
720 259
720 579
721 -559
721 -559
722 867
722 981
724 578
724 625
725 -380
725 -380
727 -407
727 540
727 839
728 113
728 262
728 576
729 -662
729 -604
731 -616
731 -591
731 618
731 878
732 -549
732 655
733 -379
733 292
733 572
733 991
735 264
736 82
737 -628
737 -168
737 543
738 -579
738 112
739 -404
739 609
740 -670
740 567
741 264
741 891
742 -574
742 -541
742 846
743 -378
745 -637
745 545
746 291
746 561
746 1004
747 -570
747 262
747 650
749 598
750 -402
750 548
750 556
751 -1049
751 -675
751 -567
751 -537
752 -1025
752 550
752 553
753 -809
753 -378
753 259
753 907
755 646
756 -643
756 -565
756 747
756 856
758 -840
759 117
759 585
760 -535
760 287
761 -677
761 -565
761 -402
761 253
762 1020
763 -198
764 -378
764 640
765 87
766 924
767 -566
769 -646
769 -536
770 868
771 571
771 980
772 -402
772 245
772 245
773 1031
774 -568
774 -378
774 280
774 634
776 128
779 -540
779 799
779 943
782 -643
782 -571
782 -571
783 -404
783 556
784 -674
784 811
784 884
784 1042
785 -379
785 626
787 228
787 269
787 681
788 144
789 -638
790 -576
790 -546
790 100
791 822
792 745
794 -629
795 -584
795 -380
795 617
795 665
796 -407
796 164
796 208
796 1053
798 -619
798 -595
798 834
798 904
799 -607
799 186
801 256
802 -555
803 -664
803 651
804 -381
805 608
806 -836
806 845
807 1062
810 119
811 638
812 -804
812 -411
812 -411
812 -383
814 856
814 928
815 599
817 -649
818 -572
818 1071
819 -1064
819 229
819 626
820 -384
821 939
822 -1040
822 785
822 866
823 -154
823 144
824 590
827 -632
827 616
828 -591
828 -386
828 201
828 1078
829 -418
829 172
829 949
830 -612
830 875
833 1066
835 -387
835 608
835 959
836 577
836 1083
838 882
838 882
841 -388
841 -180
841 482
842 968
843 601
843 1086
845 1034
846 -389
846 673
846 888
847 567
848 -427
848 821
848 976
850 -389
850 713
850 714
850 714
850 715
852 -821
852 -390
852 595
852 711
852 715
853 708
853 716
854 894
854 983
856 705
856 717
857 559
857 658
858 988
859 701
859 717
862 -393
862 696
862 717
862 899
862 991
862 1091
866 -439
866 692
866 717
867 552
868 -780
868 644
869 850
870 687
870 718
870 904
874 999
876 -403
876 717
877 547
877 631
877 907
878 581
879 -1053
880 716
881 -1076
884 -452
884 714
884 910
885 619
885 872
886 712
888 543
888 708
888 1094
889 912
889 1004
890 703
891 663
891 690
891 697
892 -418
892 609
894 -796
894 912
895 888
897 601
898 -118
900 595
900 911
901 -467
901 540
901 577
901 590
901 592
901 900
902 589
902 907
903 588
904 587
906 586
907 585
907 1008
909 -435
909 584
911 584
913 -738
913 -144
913 587
915 538
915 596
916 -484
917 610
919 629
919 1096
921 582
921 652
922 680
923 -1064
923 711
924 746
926 -455
926 1009
927 907
928 536
929 -500
930 -1084
930 -760
936 595
939 -517
939 535
942 -474
942 1038
942 1038
943 -525
943 482
944 -679
944 1008
946 -534
947 877
948 535
948 619
949 -545
949 1066
951 -556
953 -568
953 442
953 867
953 1096
954 -1072
954 -581
954 437
955 -593
955 -492
955 446
956 -605
956 535
957 432
957 651
958 857
959 -714
959 449
960 -1087
961 -62
961 426
961 846
962 1005
962 1039
963 536
963 693
964 -508
964 834
965 450
965 818
966 745
966 775
966 798
969 -689
969 419
969 538
972 416
973 -1079
973 -531
973 451
974 541
975 -90
976 -1086
976 -663
977 411
978 544
978 1000
979 -556
980 -1083
980 1039
981 -636
982 -582
982 404
983 -609
983 448
984 569
986 1095
987 396
990 621
990 992
990 992
993 388
994 439
995 691
996 970
996 1066
997 1040
998 378
998 771
999 850
999 919
1004 369
1005 -1033
1005 426
1006 -1056
1008 -1064
1008 -988
1008 8
1009 359
1012 1041
1013 -1063
1013 -916
1017 408
1018 -1059
1018 436
1018 1092
1020 440
1021 -808
1021 433
1023 -1046
1024 -20
1024 443
1024 1042
1027 431
1029 -1006
1029 386
1031 1064
1032 447
1034 -660
1034 1042
1037 -924
1037 430
1039 89
1040 361
1040 1043
1041 269
1042 450
1042 1044
1043 1022
1043 1038
1044 921
1044 962
1044 996
1045 482
1045 764
1045 820
1045 873
1045 1088
1050 -784
1050 -463
1051 178
1051 333
1054 432
1055 453
1056 1059
1058 64
1061 303
1063 454
1065 287
1066 1083
1067 436
1068 -568
1068 271
1070 457
1071 -210
1071 254
1072 1049
1073 237
1074 159
1074 181
1074 219
1074 462
1074 1080
1075 201
1076 707
1076 711
1076 715
1077 704
1078 444
1078 470
1078 718
1080 484
1080 702
1080 867
1081 505
1081 721
1081 849
1081 892
1082 1032
1082 1078
1083 534
1083 700
1083 926
1084 571
1084 571
1084 595
1084 838
1085 456
1085 616
1085 724
1085 972
1086 636
1086 1007
1087 653
1088 667
1088 699
1089 678
1090 11
1090 684
1090 726
1090 1077
1091 475
1091 687
1091 832
1092 685
1093 -261
1093 678
1093 698
1094 500
1094 668
1095 637
1095 654
1096 533
1096 575
1096 597
1096 618
1097 728
1098 1076
1100 698
1101 831
1105 200
1105 729
1105 1075
1109 699
1112 1076
1114 731
1114 731
1116 699
1116 833
1118 358
1118 1076
1122 699
1122 731
1122 1078
1127 699
1127 1043
1127 1047
1127 1053
1128 153
1128 486
1128 1039
1128 1079
1130 732
1130 1034
1130 1058
1132 206
1132 698
1133 1028
1135 584
1135 1061
1136 697
1136 837
1136 1023
1137 256
1137 733
1138 1081
1139 696
1139 1019
1140 652
1141 303
1141 694
1142 692
1143 734
1143 1014
1144 1063
1146 344
1147 1010
1149 735
1150 380
1150 1082
1153 408
1153 1004
1154 735
1156 428
1157 1065
1158 736
1158 997
1159 438
1160 736
1161 990
1162 459
1164 725
1164 981
1164 1083
1165 497
1166 695
1166 969
1167 546
1167 651
1167 955
1168 443
1168 599
1168 843
1168 917
1168 938
1170 438
1170 443
1174 1027
1174 1031
1175 1066
1176 430
1176 1023
1177 438
1178 1033
1180 1084
1182 1017
1182 1017
1185 419
1186 1034
1187 1009
1189 429
1191 998
1194 981
1196 956
1197 920
1198 405
1198 810
1198 872
1198 1085
1199 466
1199 732
1199 1035
1200 1066
1204 416
1213 388
1217 1086
1218 1035
1222 399
1231 370
1232 1066
1234 884
1234 921
1234 952
1235 794
1235 841
1235 976
1236 992
1236 1086
1237 745
1237 998
1238 679
1240 624
1242 580
1242 1002
1243 380
1243 1035
1245 544
1247 517
1248 1004
1250 350
1250 497
1254 483
1256 1005
1257 1066
1258 474
1261 469
1263 1004
1264 465
1266 358
1267 461
1270 330
1270 458
1270 1003
1273 455
1276 453
1276 1000
1277 1086
1278 451
1279 451
1279 1065
1280 996
1281 472
1282 527
1282 992
1282 992
1283 607
1283 952
1284 699
1284 795
1284 882
1290 334
1296 304
1298 1064
1301 364
1309 1083
1314 1063
1315 310
1318 281
1322 484
1322 760
1322 1035
1328 1061
1334 1078
1336 262
1338 1059
1339 287
1346 1057
1350 246
1350 1054
1352 1069
1353 1050
1355 1043
1358 1034
1359 1022
1360 232
1361 267
1361 1008
1362 975
1362 993
1363 447
1363 486
1363 664
1363 721
1363 765
1363 923
1363 939
1363 957
1364 797
1364 909
1365 896
1366 819
1366 886
1366 1055
1367 878
1368 220
1368 833
1369 873
1370 872
1372 211
1373 196
1373 203
1373 842
1374 190
1375 186
1376 435
1376 1035
1378 183
1378 847
1380 872
1381 250
1381 814
1382 181
1383 598
1383 651
1383 1008
1385 555
1386 424
1386 851
1386 851
1387 181
1387 521
1389 874
1390 974
1391 496
1391 852
1392 959
1394 415
1395 181
1395 478
1395 944
1396 854
1398 236
1398 405
1398 876
1399 931
1400 468
1401 394
1402 856
1402 919
1403 379
1404 182
1404 262
1404 336
1404 360
1404 445
1405 909
1406 879
1407 464
1408 857
1408 901
1411 184
1411 225
1411 895
1412 883
1414 859
1414 892
1415 467
1415 838
1415 886
1416 889
1417 469
1418 186
1419 471
1419 859
1420 474
1421 219
1422 478
1423 482
1424 486
1424 490
1424 844
1425 495
1425 499
1425 860
1426 190
1426 217
1427 501
1429 501
1429 860
1430 220
1431 849
1432 225
1432 498
1434 194
1434 860
1435 232
1435 492
1435 853
1437 243
1437 860
1438 856
1439 256
1439 858
1440 272
1440 484
1441 199
1442 291
1442 313
1445 405
1445 474
1448 205
1451 461
1455 212
1457 447
1462 219
1462 432
1467 416
1470 229
1471 400
1475 382
1476 238
1478 364
1481 247
1481 346
1482 328
1484 257
1484 303
1485 269
1485 284
