-1503 314
-1503 317
-1503 321
-1503 321
-1503 325
-1502 309
-1502 311
-1502 328
-1502 331
-1501 308
-1501 332
-1500 307
-1500 332
-1499 307
-1499 332
-1498 308
-1498 330
-1497 327
-1496 309
-1496 311
-1496 325
-1495 313
-1495 316
-1495 319
-1495 322
-1463 926
-1462 38
-1462 42
-1462 42
-1461 32
-1461 34
-1461 46
-1461 49
-1460 30
-1460 51
-1459 28
-1459 52
-1459 53
-1458 27
-1458 52
-1457 27
-1457 887
-1457 887
-1456 28
-1456 51
-1455 30
-1455 48
-1455 875
-1454 32
-1454 34
-1454 42
-1454 45
-1453 37
-1453 39
-1452 855
-1449 827
-1444 794
-1438 757
-1433 715
-1431 -159
-1430 -165
-1430 -162
-1430 -155
-1430 -155
-1430 -151
-1430 -148
-1429 -167
-1429 -146
-1428 -169
-1428 -144
-1428 -144
-1427 -169
-1427 -145
-1426 -169
-1426 671
-1425 -169
-1425 -146
-1424 -167
-1424 -149
-1423 -165
-1423 -155
-1423 -152
-1422 -163
-1422 -160
-1422 -157
-1420 626
-1417 926
-1413 580
-1409 -305
-1409 -301
-1409 -296
-1409 -296
-1409 -291
-1409 -287
-1408 -308
-1408 -283
-1407 -311
-1407 -310
-1407 -281
-1407 -280
-1407 534
-1406 -312
-1406 -280
-1405 -311
-1405 -281
-1404 -309
-1404 -283
-1403 -306
-1403 -286
-1402 -303
-1402 -299
-1402 -296
-1402 -292
-1402 -289
-1401 490
-1398 -378
-1398 -374
-1398 -369
-1398 -363
-1398 -363
-1398 -357
-1398 -352
-1397 -381
-1397 -349
-1397 -346
-1396 -383
-1396 -345
-1395 -384
-1395 -346
-1395 449
-1394 -383
-1394 -347
-1393 -381
-1393 -378
-1393 -350
-1392 -375
-1392 -358
-1392 -354
-1391 -371
-1391 -367
-1391 -363
-1390 412
-1388 -429
-1388 -425
-1388 -420
-1388 -420
-1388 -415
-1388 -411
-1387 -434
-1387 -432
-1387 -408
-1387 -405
-1386 -436
-1386 -404
-1385 -436
-1385 -404
-1385 380
-1384 -435
-1384 -405
-1383 -433
-1383 -407
-1382 -430
-1382 -410
-1382 354
-1381 -427
-1381 -423
-1381 -420
-1381 -416
-1381 -413
-1379 336
-1377 318
-1373 291
-1371 926
-1368 -554
-1368 -554
-1368 258
-1367 -567
-1367 -563
-1367 -559
-1367 -550
-1367 -545
-1367 -542
-1366 -569
-1366 -540
-1365 -570
-1365 -539
-1364 -570
-1364 -539
-1364 861
-1363 -569
-1363 -539
-1362 -567
-1362 -542
-1362 220
-1361 -565
-1361 -561
-1361 -548
-1361 -544
-1360 -558
-1360 -554
-1360 -551
-1357 -622
-1357 -617
-1357 -611
-1357 -611
-1357 -606
-1357 805
-1356 -630
-1356 -627
-1356 -601
-1356 -597
-1355 -632
-1355 -595
-1355 177
-1354 -632
-1354 -594
-1354 -594
-1353 -632
-1353 -596
-1352 -630
-1352 -599
-1351 -627
-1351 -603
-1350 -623
-1350 -619
-1350 -615
-1350 -611
-1350 -607
-1348 131
-1347 725
-1346 -699
-1346 -695
-1346 -690
-1346 -684
-1346 -684
-1346 -678
-1346 -673
-1345 -702
-1345 -670
-1345 -667
-1344 -705
-1344 -704
-1344 -666
-1343 -704
-1343 -666
-1342 -702
-1342 -668
-1341 -699
-1341 -671
-1341 84
-1340 -696
-1340 -692
-1340 -684
-1340 -679
-1340 -675
-1339 -688
-1336 -757
-1336 -752
-1336 -746
-1336 -746
-1336 -740
-1336 -735
-1335 -764
-1335 -761
-1335 -732
-1334 -766
-1334 -729
-1334 -728
-1334 629
-1333 -767
-1333 -729
-1333 36
-1332 -766
-1332 -730
-1331 -764
-1331 -733
-1330 -761
-1330 -758
-1330 -737
-1329 -754
-1329 -750
-1329 -746
-1329 -741
-1326 -812
-1326 -808
-1326 -803
-1326 -803
-1326 -798
-1326 -794
-1325 -817
-1325 -815
-1325 -791
-1325 -788
-1325 -14
-1324 -819
-1324 -787
-1323 -819
-1323 -787
-1322 -818
-1322 -788
-1321 -816
-1321 -790
-1320 -813
-1320 -793
-1319 -810
-1319 -806
-1319 -803
-1319 -799
-1319 -796
-1319 528
-1317 -863
-1317 -859
-1317 -859
-1317 -66
-1316 -869
-1316 -866
-1316 -855
-1316 -852
-1315 -873
-1315 -871
-1315 -850
-1315 -848
-1314 -873
-1314 -848
-1313 -849
-1312 -873
-1312 -850
-1311 -873
-1310 -871
-1310 -853
-1309 -869
-1309 -867
-1309 -859
-1309 -856
-1309 -118
-1308 -864
-1308 -861
-1305 428
-1301 -170
-1293 -219
-1292 340
-1287 -264
-1282 272
-1281 -304
-1276 -337
-1275 232
-1272 221
-1271 -368
-1270 209
-1267 198
-1266 -403
-1264 189
-1261 180
-1260 -440
-1258 172
-1256 167
-1254 -478
-1253 163
-1251 159
-1251 700
-1251 703
-1249 152
-1248 -517
-1247 142
-1245 129
-1244 115
-1243 699
-1243 709
-1242 99
-1241 -554
-1241 82
-1240 65
-1239 46
-1237 24
-1236 -590
-1236 699
-1235 0
-1233 -25
-1230 -622
-1230 -50
-1229 700
-1227 -75
-1226 717
-1225 -654
-1224 -98
-1220 -120
-1220 702
-1219 -688
-1217 -142
-1213 -168
-1212 -725
-1209 705
-1208 -197
-1206 -762
-1203 -227
-1201 727
-1200 -799
-1198 -258
-1197 710
-1194 -834
-1193 -289
-1190 775
-1190 776
-1188 -867
-1188 -319
-1188 778
-1184 -347
-1184 774
-1183 -896
-1183 715
-1183 781
-1177 784
-1171 -961
-1170 777
-1170 788
-1166 722
-1165 741
-1161 792
-1157 -1017
-1154 -530
-1151 781
-1151 796
-1147 731
-1143 926
-1141 -1064
-1140 733
-1140 800
-1140 800
-1130 737
-1130 788
-1129 -680
-1124 -1103
-1120 758
-1119 808
-1116 743
-1108 794
-1107 -802
-1104 889
-1104 889
-1103 -1136
-1100 814
-1099 749
-1098 926
-1089 -898
-1089 925
-1088 802
-1085 818
-1079 -1162
-1079 757
-1079 924
-1074 821
-1073 808
-1072 -972
-1070 923
-1065 822
-1065 852
-1064 777
-1064 777
-1064 813
-1061 821
-1061 921
-1060 818
-1058 -764
-1058 -760
-1058 765
-1057 -1026
-1057 -768
-1055 -757
-1054 -773
-1053 -818
-1052 -821
-1052 -815
-1052 919
-1051 -1183
-1051 -824
-1051 -813
-1051 -754
-1049 -828
-1049 -777
-1048 -811
-1047 -833
-1046 -752
-1045 -810
-1045 -810
-1045 916
-1043 -1063
-1043 -778
-1043 827
-1042 826
-1041 828
-1040 -839
-1040 826
-1038 -751
-1038 913
-1037 -807
-1037 830
-1035 773
-1035 827
-1034 -776
-1034 -751
-1033 910
-1031 833
-1030 -844
-1030 -805
-1030 -750
-1029 -1087
-1028 829
-1026 -749
-1024 -772
-1024 904
-1023 -804
-1023 870
-1022 -748
-1022 830
-1022 838
-1022 838
-1020 -1200
-1019 -846
-1019 -747
-1018 -804
-1017 832
-1016 -745
-1016 899
-1014 -743
-1014 795
-1013 -805
-1013 -766
-1013 921
-1013 923
-1012 -741
-1012 -741
-1012 782
-1012 918
-1011 834
-1011 925
-1010 -1109
-1010 -807
-1010 843
-1010 915
-1009 -737
-1009 896
-1008 -811
-1007 -815
-1007 910
-1007 925
-1006 -846
-1006 -817
-1006 836
-1005 -819
-1005 -733
-1004 895
-1003 -759
-1002 -821
-1002 838
-1002 904
-1002 926
-1001 896
-1000 -732
-1000 848
-1000 899
-999 -822
-998 840
-996 -731
-995 881
-995 926
-994 -1209
-994 -822
-994 -752
-994 842
-993 851
-992 -845
-992 -731
-992 844
-990 -1126
-989 -822
-989 -733
-989 790
-989 926
-988 -746
-988 848
-988 852
-987 -736
-986 -740
-986 851
-986 852
-984 925
-982 -821
-981 -628
-980 -666
-979 -841
-979 -589
-978 924
-976 -701
-975 -820
-975 -552
-974 808
-973 890
-973 922
-970 -735
-970 -733
-969 -740
-969 -737
-969 -517
-968 -746
-968 -743
-968 920
-967 -835
-967 -756
-967 -752
-967 -749
-967 799
-966 -1137
-966 -818
-966 -759
-965 -762
-964 -766
-963 918
-962 -770
-960 -1214
-960 -817
-960 -774
-960 -486
-959 916
-957 -827
-957 -778
-957 896
-956 913
-955 -817
-955 -781
-954 -824
-952 -821
-952 -817
-952 -784
-952 910
-951 -819
-950 -462
-949 -788
-949 907
-949 913
-949 917
-948 806
-947 906
-947 910
-946 -455
-946 905
-946 906
-946 907
-946 919
-945 -793
-944 899
-943 819
-941 -800
-941 -445
-938 922
-937 -807
-936 -1143
-936 -432
-935 901
-932 -816
-930 -417
-930 813
-928 -825
-927 900
-925 923
-924 -835
-923 -401
-922 -669
-921 -639
-921 898
-920 -844
-920 -697
-920 826
-918 -713
-918 -607
-917 -1215
-916 -384
-916 819
-915 -728
-914 -575
-914 895
-912 -863
-911 -742
-909 -546
-909 -366
-907 -755
-907 924
-905 830
-904 824
-902 -521
-902 -347
-901 -882
-901 -768
-901 -215
-900 -218
-900 -214
-899 -221
-899 -214
-898 -1143
-898 -215
-898 890
-897 -226
-897 -226
-897 827
-896 -230
-895 -503
-895 -330
-895 -217
-895 832
-894 -782
-894 -233
-894 829
-893 -236
-892 -220
-892 831
-891 -238
-889 -901
-889 -314
-889 -239
-889 -223
-887 -492
-887 -240
-887 -226
-886 -795
-886 -240
-885 -239
-885 -229
-884 -489
-884 -238
-884 -234
-884 -231
-883 -301
-883 -236
-882 -486
-882 925
-880 -483
-878 -481
-878 -471
-878 -469
-878 -467
-877 -810
-877 -478
-877 -475
-877 -473
-877 -464
-877 -289
-877 886
-876 -919
-876 -461
-874 -458
-872 -281
-871 -455
-869 -275
-868 -452
-866 -273
-864 -449
-864 -274
-863 -935
-863 -276
-861 -446
-860 -276
-859 -1211
-857 -275
-856 -442
-853 -271
-852 -845
-852 -437
-851 885
-851 925
-850 -947
-849 -266
-848 -1139
-848 -431
-844 -425
-844 -260
-842 -376
-842 -374
-841 -378
-840 -419
-840 -371
-839 -955
-838 -378
-838 -252
-836 -413
-836 -366
-833 -407
-833 -379
-832 -242
-831 -958
-831 -872
-831 -361
-830 -399
-829 -958
-829 -379
-828 -392
-827 -959
-827 -381
-826 -387
-826 -384
-826 -233
-825 -960
-825 -355
-824 -961
-823 886
-822 -962
-821 -964
-821 -963
-820 -968
-820 -966
-819 -222
-818 -970
-816 -972
-816 -348
-813 925
-812 -975
-812 -893
-812 -212
-808 -978
-808 -341
-804 -201
-803 -980
-799 -334
-798 -983
-796 -191
-793 888
-792 -985
-791 -911
-789 -325
-789 -182
-787 -1254
-786 -1251
-785 -1254
-784 -1201
-784 -1130
-782 -173
-781 -1254
-778 -316
-775 -1248
-775 -166
-774 -1254
-768 -994
-768 -925
-768 -307
-766 -157
-765 -1254
-765 892
-759 -151
-758 -298
-755 -1253
-755 -1243
-754 -146
-752 -169
-752 -164
-751 -173
-751 -144
-750 -157
-749 -289
-749 -176
-749 -151
-749 -147
-749 -145
-745 -179
-743 -1251
-740 -939
-740 -281
-740 -181
-739 898
-736 -1004
-733 -182
-730 -1250
-723 -1237
-723 -184
-717 -1248
-717 905
-716 -184
-708 -184
-705 -952
-704 -1117
-702 -1246
-702 -251
-700 -1015
-700 -184
-694 761
-694 765
-694 770
-694 776
-694 776
-694 782
-694 786
-693 758
-693 790
-693 792
-692 756
-692 794
-691 -184
-691 755
-691 793
-690 756
-690 792
-689 -1187
-689 758
-689 761
-689 789
-688 -1244
-688 764
-688 781
-688 785
-687 768
-687 772
-687 776
-684 710
-684 714
-684 719
-684 719
-684 724
-684 728
-683 -184
-683 704
-683 707
-683 731
-683 733
-682 703
-682 735
-681 703
-681 735
-680 704
-680 734
-679 706
-679 732
-678 -1228
-678 709
-678 729
-677 712
-677 715
-677 719
-677 722
-677 726
-675 -183
-675 645
-675 649
-675 653
-675 653
-674 643
-674 657
-674 660
-673 -1242
-673 639
-673 640
-673 662
-673 663
-672 638
-672 664
-671 638
-671 663
-670 661
-670 925
-669 639
-668 640
-668 659
-667 -182
-667 642
-667 645
-667 650
-667 653
-667 656
-666 647
-662 -1026
-661 -968
-660 -181
-659 -1240
-657 -225
-653 -1108
-653 917
-653 922
-652 -179
-650 909
-650 925
-645 -1238
-645 897
-645 926
-643 -178
-639 925
-635 880
-634 -140
-634 -134
-633 -1237
-633 -145
-633 -114
-632 -177
-632 -147
-632 920
-631 -95
-630 -148
-629 -979
-628 -78
-627 -147
-626 -1035
-624 -63
-624 46
-624 913
-623 -143
-623 46
-623 47
-622 -1235
-622 50
-622 859
-620 48
-619 -175
-619 54
-618 -50
-617 -1217
-617 -138
-616 51
-615 59
-615 59
-614 -1101
-614 903
-613 -1234
-613 -12
-613 -10
-612 -7
-612 63
-611 -40
-611 -14
-611 55
-609 -131
-609 -3
-609 66
-608 -205
-608 -13
-606 -174
-606 69
-606 832
-606 832
-605 -1233
-605 60
-604 2
-604 72
-604 889
-603 -31
-602 -990
-602 -9
-601 -124
-601 74
-600 64
-599 76
-598 77
-597 8
-597 68
-597 77
-595 -1231
-595 -118
-594 -1043
-594 -24
-594 -24
-594 71
-594 77
-593 74
-593 76
-593 812
-592 -174
-591 -115
-591 -2
-591 872
-589 15
-587 -114
-585 -1095
-585 -114
-583 -1229
-583 -117
-583 -17
-581 -121
-580 -126
-580 22
-580 792
-579 -1000
-579 -511
-579 -508
-579 -508
-579 -505
-579 -129
-578 -514
-578 -502
-578 -173
-578 -129
-577 -517
-577 -499
-577 9
-577 852
-576 -519
-576 -497
-576 -127
-575 -521
-575 -495
-574 -522
-574 -494
-574 -123
-574 -14
-573 -116
-572 -523
-572 -493
-571 -1227
-571 -1048
-571 -108
-570 -523
-570 -492
-570 30
-569 -1167
-569 -523
-569 -493
-569 -98
-568 -15
-567 -522
-567 -494
-567 -87
-567 773
-565 -1090
-565 -521
-565 -495
-564 -519
-564 -497
-564 -173
-564 -61
-564 -19
-563 -517
-563 -499
-563 -42
-563 -28
-562 -514
-562 -511
-562 -508
-562 -505
-562 -502
-561 -1010
-561 828
-560 -1049
-559 38
-559 38
-558 -1225
-557 -1049
-557 24
-556 -190
-554 -1050
-554 755
-553 -1085
-552 -1051
-549 -1053
-548 -1019
-547 -1056
-547 -172
-546 -1080
-546 -1059
-545 -1223
-544 -1063
-544 801
-543 -1074
-543 -1068
-542 738
-539 -1203
-538 -1029
-536 54
-533 -171
-532 -1221
-532 -1038
-531 -1047
-531 43
-531 723
-530 -1050
-529 -1053
-529 779
-528 -1054
-526 -1056
-524 -1056
-522 -170
-521 -1056
-521 711
-520 -1218
-518 -1056
-518 65
-515 761
-514 -1055
-513 -168
-513 702
-512 -339
-511 -325
-511 58
-510 -347
-509 -1053
-508 -1216
-508 -309
-507 -1100
-507 -166
-506 -1105
-506 -1094
-506 -1087
-506 -1053
-505 -1109
-505 -353
-504 -1080
-504 -290
-504 73
-504 748
-503 -1112
-503 -1053
-503 -182
-503 -163
-502 -1071
-502 -1055
-501 -1064
-501 -1059
-500 -1115
-500 -160
-500 -156
-500 69
-500 688
-499 -153
-499 -150
-498 -355
-498 -271
-498 -147
-497 -1116
-497 76
-496 -145
-495 -1214
-495 -143
-495 74
-493 -142
-493 737
-491 -354
-491 -253
-491 -141
-489 -140
-489 108
-489 678
-488 -1118
-488 104
-488 115
-487 -140
-486 102
-486 123
-486 123
-485 -138
-484 -350
-484 -238
-484 126
-483 -134
-483 729
-482 -130
-482 102
-482 129
-481 -1211
-481 -124
-480 -118
-480 132
-479 -112
-479 -104
-479 -94
-479 -19
-479 -11
-478 -1119
-478 -227
-478 -227
-478 -85
-478 -25
-478 -6
-478 105
-478 134
-477 -342
-477 -79
-477 -29
-477 0
-476 136
-475 -224
-475 -76
-475 -31
-475 5
-474 110
-474 673
-473 -31
-473 10
-473 138
-473 723
-472 -332
-472 -74
-471 -221
-471 139
-470 15
-469 -30
-469 118
-468 -1209
-468 -73
-468 139
-467 -320
-467 -219
-466 -1118
-466 19
-466 123
-466 139
-464 -28
-464 127
-464 138
-463 -305
-463 -75
-463 131
-463 134
-463 136
-463 719
-462 -217
-462 22
-461 -297
-459 -288
-458 -24
-458 25
-457 -215
-456 -279
-456 -77
-456 717
-455 -1207
-455 -1116
-454 28
-454 672
-453 -181
-452 -269
-451 -214
-451 -80
-451 -20
-450 31
-448 -261
-448 715
-447 36
-446 -213
-446 -83
-446 -18
-445 -353
-444 -1113
-444 -354
-444 -252
-443 -1186
-443 -350
-443 40
-442 -1205
-442 -355
-442 -17
-442 713
-441 -213
-441 -88
-441 45
-440 -245
-439 -347
-439 50
-438 -17
-438 55
-437 60
-437 65
-436 -354
-436 -239
-436 -94
-435 -1110
-435 -18
-435 71
-435 712
-433 -342
-433 77
-432 -21
-431 -1204
-431 -101
-430 83
-430 712
-429 -1106
-429 -339
-428 -353
-428 -25
-427 -1102
-427 -109
-427 25
-427 32
-426 -1100
-426 14
-426 39
-426 90
-425 -31
-425 6
-425 676
-425 711
-424 -336
-424 45
-423 -118
-422 -1203
-422 -1141
-422 -1
-422 96
-421 -1098
-421 51
-421 712
-420 -333
-419 -127
-419 -4
-419 713
-418 57
-417 -351
-417 -43
-417 101
-416 -331
-415 -1097
-415 -213
-415 -6
-415 714
-414 62
-413 -143
-412 -329
-412 106
-411 -4
-409 -328
-409 67
-409 716
-408 -54
-407 -187
-406 -1095
-406 -327
-406 0
-406 111
-405 -157
-404 -327
-404 71
-402 -326
-402 -314
-402 -310
-402 -32
-402 -31
-402 -29
-402 -26
-402 -22
-402 -17
-402 7
-401 -326
-401 -316
-401 -31
-401 -11
-401 9
-401 117
-400 -347
-400 -325
-400 -318
-400 -306
-400 -29
-400 -5
-400 10
-400 718
-399 -324
-399 -322
-399 -320
-399 0
-399 4
-399 7
-399 9
-398 -302
-397 -65
-397 76
-397 122
-396 -22
-395 -1094
-395 -296
-395 -168
-394 -1178
-393 128
-391 -291
-390 -18
-390 79
-390 134
-388 140
-388 721
-387 -286
-386 -343
-386 145
-386 150
-385 80
-385 155
-384 -77
-384 -16
-384 160
-383 -1094
-383 -177
-383 685
-382 -280
-382 -280
-381 165
-379 -16
-378 79
-377 170
-376 -275
-375 724
-374 -337
-374 -18
-372 76
-372 174
-371 -46
-371 -41
-370 -1093
-370 -270
-370 -51
-370 -36
-370 -22
-369 -293
-369 -184
-369 -88
-369 -28
-368 -297
-368 -290
-368 -201
-367 -286
-367 -56
-367 178
-366 -331
-366 -300
-365 -266
-364 -1194
-363 -304
-363 -282
-363 -62
-363 69
-360 -324
-360 182
-360 728
-359 -278
-359 -262
-358 -311
-358 -206
-358 -67
-357 -317
-355 -1093
-354 -259
-354 85
-354 94
-353 -189
-353 60
-352 -273
-352 -100
-352 -73
-352 104
-352 186
-352 186
-351 78
-350 -334
-350 -332
-349 -336
-349 -329
-349 -256
-348 -325
-348 -269
-347 -337
-347 114
-346 -1170
-346 -321
-346 -210
-345 -255
-345 73
-345 189
-344 -337
-344 -315
-344 -315
-344 -266
-344 -80
-344 731
-342 -254
-341 -311
-341 -263
-340 -1093
-340 -336
-340 -260
-340 -255
-339 -308
-339 -258
-339 -256
-339 47
-339 125
-338 71
-337 -85
-337 192
-336 -304
-335 -332
-334 -302
-333 -192
-333 -111
-332 -300
-332 -215
-331 -327
-330 -1124
-330 -299
-330 -91
-330 39
-329 135
-328 -321
-328 -299
-328 73
-328 194
-328 735
-327 -299
-325 -1092
-325 -315
-325 74
-324 -309
-324 -304
-324 699
-322 -97
-322 75
-321 31
-321 142
-320 195
-319 74
-317 -219
-317 73
-315 72
-314 -104
-314 69
-314 146
-313 62
-313 66
-312 23
-312 58
-311 -1091
-311 -194
-311 -123
-311 53
-311 196
-307 48
-307 147
-306 -111
-303 -194
-303 41
-303 197
-302 15
-301 -1162
-301 -224
-300 145
-298 -1183
-298 -117
-298 35
-297 -1090
-295 -195
-295 -132
-295 197
-293 8
-293 28
-291 -123
-291 140
-289 -196
-289 196
-288 744
-286 -227
-286 21
-285 -1089
-285 3
-284 -128
-283 -198
-283 -138
-281 -448
-281 195
-280 -449
-280 -447
-280 14
-279 -449
-279 -445
-279 131
-278 -442
-278 -199
-278 -2
-277 -448
-277 -437
-276 -135
-275 -447
-275 -431
-275 -201
-275 -142
-274 -1087
-274 -424
-273 -417
-273 -203
-272 -445
-272 -408
-272 -205
-272 -5
-272 194
-271 -400
-271 -207
-271 -140
-270 -391
-270 -391
-270 -230
-270 -208
-270 -143
-270 5
-269 -442
-269 -375
-269 -143
-268 -363
-268 -210
-266 -355
-265 -1085
-265 -439
-265 -211
-265 119
-264 -9
-263 -351
-263 -2
-262 -436
-262 193
-261 -211
-260 -433
-259 -1154
-259 -1083
-259 -349
-259 -11
-258 -429
-258 -417
-258 -416
-258 -211
-258 -7
-257 -426
-257 -419
-257 -415
-257 -11
-256 -423
-256 -421
-256 -414
-256 -233
-256 -10
-255 -414
-253 -414
-253 -350
-253 -211
-252 -1111
-250 -415
-250 192
-248 -211
-247 -416
-246 -355
-246 719
-243 -210
-242 -235
-239 -417
-238 -208
-237 192
-236 -361
-235 757
-234 -206
-232 -413
-231 -203
-230 -1170
-230 88
-229 -369
-229 -200
-228 -1073
-228 -237
-227 -407
-227 -195
-227 227
-227 228
-226 -190
-226 -185
-226 -180
-226 224
-226 225
-226 230
-225 -378
-225 -176
-225 -173
-225 232
-225 232
-224 -398
-224 -170
-224 191
-224 223
-224 234
-223 -388
-223 222
-222 -1148
-222 -169
-222 236
-221 -167
-221 222
-221 238
-219 -167
-219 240
-218 222
-218 241
-217 -168
-216 -239
-216 223
-216 242
-215 224
-215 243
-214 243
-213 225
-213 243
-212 227
-212 241
-212 242
-211 191
-211 228
-211 240
-210 230
-210 232
-210 234
-210 236
-210 238
-210 498
-210 498
-209 497
-208 496
-208 500
-206 -170
-206 494
-205 -241
-205 501
-204 493
-201 492
-200 119
-200 502
-198 191
-197 -1065
-197 491
-196 -243
-194 501
-193 127
-193 489
-192 -1143
-191 -164
-189 -245
-189 488
-188 500
-187 -1100
-187 132
-185 487
-184 -247
-182 498
-181 -248
-181 137
-181 487
-181 736
-179 191
-178 487
-177 495
-176 -153
-176 140
-176 487
-175 264
-174 263
-174 267
-174 488
-174 492
-174 904
-173 -246
-173 269
-173 489
-173 490
-173 774
-173 902
-173 903
-173 906
-173 906
-172 141
-172 261
-172 272
-171 901
-171 908
-170 260
-169 141
-169 275
-169 910
-168 -1138
-168 901
-167 -1157
-167 140
-167 261
-167 911
-166 278
-165 137
-165 901
-164 -1060
-164 190
-164 261
-164 913
-163 133
-163 281
-163 281
-162 131
-162 901
-161 -233
-161 -139
-161 129
-161 914
-160 129
-160 129
-160 263
-159 131
-159 134
-159 137
-158 140
-158 142
-158 902
-158 915
-156 144
-156 265
-155 145
-155 915
-154 -268
-153 -1136
-153 -1136
-153 -273
-153 146
-153 189
-153 287
-152 146
-152 268
-152 916
-151 -266
-150 145
-150 905
-149 -122
-148 -279
-148 -279
-148 144
-147 271
-146 187
-145 -265
-145 -212
-145 144
-145 915
-144 292
-144 907
-143 144
-143 275
-142 -1134
-142 145
-141 -285
-141 -82
-141 -77
-141 184
-141 914
-140 -106
-140 147
-140 909
-139 151
-138 154
-138 179
-138 294
-138 911
-138 913
-137 -92
-137 -68
-137 159
-137 164
-137 173
-136 283
-135 -1092
-135 -267
-134 294
-133 -1056
-133 288
-132 292
-131 -1132
-131 -57
-128 -434
-128 -291
-128 -185
-127 -437
-125 -429
-124 -440
-122 -42
-121 -425
-120 -1130
-120 -270
-120 753
-118 -441
-117 -441
-116 -488
-115 -1144
-115 -443
-114 -497
-114 -473
-114 -466
-114 -450
-114 -446
-114 -419
-113 -460
-113 -455
-113 417
-113 421
-113 421
-112 -297
-112 -155
-112 300
-112 302
-112 415
-111 298
-110 -1129
-110 -502
-110 -27
-110 305
-110 413
-110 426
-108 297
-108 412
-107 794
-106 -414
-106 310
-105 -501
-105 411
-104 297
-103 430
-102 -1055
-101 -1127
-101 -276
-101 412
-99 -127
-98 -496
-98 -10
-98 298
-98 316
-97 412
-96 -410
-93 -1086
-93 -303
-93 432
-92 -1126
-91 -486
-91 414
-90 -407
-89 -101
-89 299
-87 415
-86 -83
-85 -1126
-85 323
-84 -473
-84 -404
-84 6
-82 300
-82 416
-81 -69
-81 434
-80 -1125
-79 -1134
-78 -455
-78 -400
-77 -284
-76 417
-74 -1056
-74 -446
-74 -397
-74 302
-73 -308
-71 418
-70 -437
-70 -393
-70 22
-69 -52
-68 435
-67 -390
-66 304
-66 331
-65 -1127
-65 -387
-65 -384
-65 -155
-65 -151
-65 -151
-65 -147
-65 419
-64 -427
-64 -382
-64 -379
-64 -159
-64 -143
-64 -139
-64 -136
-63 -1083
-63 -376
-63 -162
-63 -134
-62 -165
-62 -132
-62 -130
-62 770
-61 -372
-61 -168
-61 -130
-60 -130
-60 420
-59 -369
-59 -170
-59 -132
-58 -291
-58 -134
-57 -417
-57 -366
-57 -171
-56 -136
-56 307
-56 434
-55 -363
-55 -171
-55 -139
-55 420
-54 -312
-54 -171
-54 -143
-54 35
-53 -147
-52 -360
-52 -360
-52 -170
-52 920
-52 920
-52 921
-52 922
-52 923
-51 -168
-51 -151
-51 420
-50 -407
-50 -165
-50 -162
-50 -159
-50 -155
-50 919
-50 924
-49 -1060
-49 -357
-49 -32
-48 918
-48 925
-47 420
-46 310
-46 431
-46 917
-45 -355
-45 925
-44 421
-43 -297
-43 339
-43 917
-42 -1082
-42 -397
-42 925
-41 -353
-41 421
-41 814
-40 917
-39 422
-39 427
-38 423
-38 925
-37 313
-37 424
-37 426
-37 917
-36 -351
-36 -315
-35 -389
-35 918
-34 925
-33 562
-32 562
-32 563
-32 919
-31 -350
-31 51
-31 560
-31 924
-30 -303
-29 -1084
-29 -1066
-29 451
-29 453
-29 562
-29 920
-29 924
-28 448
-28 456
-28 457
-28 558
-28 921
-27 -381
-27 316
-27 445
-27 445
-27 922
-27 923
-26 441
-26 459
-26 561
-25 -348
-25 460
-24 439
-24 555
-23 -11
-23 436
-23 460
-22 434
-21 -316
-21 -307
-21 460
-21 560
-20 -348
-20 432
-20 553
-19 430
-19 459
-18 319
-18 429
-17 429
-17 457
-17 551
-17 559
-16 429
-16 456
-15 -370
-15 -316
-15 -311
-15 347
-15 430
-15 432
-15 453
-14 -1088
-14 -1073
-14 -347
-14 434
-14 436
-14 451
-14 558
-13 -486
-13 -477
-13 -314
-13 439
-13 441
-13 445
-13 448
-13 550
-12 -500
-12 -469
-11 -510
-10 -461
-10 550
-10 558
-9 322
-8 -516
-8 -454
-7 559
-6 -448
-6 -362
-6 -348
-6 550
-5 788
-4 -1089
-4 -517
-4 560
-3 -1079
-3 -443
-3 -298
-3 -296
-3 -296
-3 550
-2 -301
-2 -300
-2 -294
-2 -292
-2 68
-1 -348
-1 -304
-1 -303
-1 -290
-1 561
0 -356
0 -305
0 551
1 -514
1 -438
1 -306
1 -288
1 325
1 562
2 -352
2 -349
2 -306
2 -287
2 553
3 -1089
3 -1083
3 -306
3 564
3 564
4 -305
4 -286
5 -1087
5 -434
5 -434
5 555
5 566
6 -304
6 -285
7 -507
7 -303
7 568
8 -285
8 557
9 -301
10 -300
10 -285
10 12
10 569
11 328
12 -298
12 -286
12 558
13 -296
13 -287
14 -496
14 -294
14 -288
14 571
15 -292
15 -290
16 355
16 560
18 -426
18 572
20 562
21 330
22 572
22 833
23 -480
25 564
27 -422
27 573
29 565
30 86
31 -461
31 332
32 573
34 -422
34 -347
34 -346
34 -344
34 567
35 -349
35 -349
35 -343
36 -351
37 -446
37 -342
38 -426
38 -352
39 -434
39 -354
39 -341
39 572
40 568
41 -355
41 334
42 -341
43 -356
44 -340
44 569
44 572
46 -357
47 -341
47 35
47 570
47 572
48 -358
48 571
49 -380
49 -377
49 -377
49 -375
49 335
50 -382
50 -373
50 -358
50 -341
51 -384
51 -133
51 -131
51 -127
51 -124
51 364
51 806
52 -372
52 -358
52 -136
52 -120
53 -386
53 -342
53 -137
53 -116
54 -371
54 -357
55 -388
55 -356
55 -343
55 -112
55 -112
55 855
55 858
56 -371
56 864
57 -389
57 -355
57 -344
57 -140
57 -107
57 335
58 -354
58 -346
58 854
59 -371
59 -352
59 -351
59 -347
59 -102
59 872
60 -390
60 -349
60 -141
61 -100
62 -390
62 -371
62 -99
63 -140
63 -100
63 855
64 103
64 336
64 882
65 -391
65 -103
66 -372
66 -137
66 -107
67 -113
68 -391
68 -132
68 -120
69 -373
69 -127
70 336
70 859
71 -392
71 894
71 894
72 -283
72 -282
73 -375
73 -280
74 -392
74 -284
75 864
75 901
76 -278
76 337
77 -393
77 -285
77 851
78 -376
79 907
80 -393
80 -275
80 -275
81 339
81 871
82 -285
83 -394
83 -377
83 912
85 -394
85 340
86 881
87 -271
87 917
88 -395
88 -377
88 -285
88 342
89 59
89 372
89 372
90 344
90 920
91 -395
91 -4
91 0
91 0
91 346
91 348
91 892
92 -10
92 -7
92 4
92 8
92 350
93 -378
93 -285
93 -13
93 -12
93 10
93 11
93 923
94 -396
94 -268
94 -14
94 11
94 352
95 11
95 902
95 924
96 -14
96 9
96 119
96 354
97 -396
97 -378
97 -284
97 -13
97 911
97 923
98 -12
98 7
98 919
99 -266
99 -10
99 -7
99 1
99 4
99 355
100 -397
100 -5
100 -2
101 -283
102 -378
102 356
103 -265
103 374
104 -397
104 -282
106 356
107 -398
107 -281
107 -266
107 826
109 -279
109 -268
109 357
110 -398
111 -277
111 -275
111 -271
113 -399
113 357
114 -382
115 -400
116 -426
116 -423
116 -421
116 377
117 -429
117 -428
117 -418
117 -401
118 -415
118 -403
118 358
119 -430
119 -411
119 -408
119 -406
119 866
120 -430
122 756
122 758
123 -431
123 359
126 -435
126 131
126 756
126 761
128 361
128 379
128 545
128 548
129 -390
129 544
129 550
131 -441
131 871
132 544
132 554
133 756
134 363
134 765
135 83
136 -448
136 558
139 366
139 381
140 545
141 563
142 759
143 -458
143 876
144 369
145 770
145 770
146 -404
148 372
148 383
148 569
148 569
149 -468
149 548
150 139
152 375
154 574
154 774
154 881
155 762
156 378
156 385
156 494
156 495
157 -480
158 380
158 493
158 497
158 553
159 141
160 578
161 382
161 386
162 384
162 493
162 499
162 765
163 385
163 386
163 776
164 -492
164 -421
164 386
165 581
165 887
166 670
166 673
166 848
167 144
167 559
168 492
168 502
168 502
168 668
168 678
168 678
169 767
170 680
171 584
171 668
172 -505
172 682
173 779
174 565
175 147
175 585
175 668
175 683
175 769
176 492
176 892
178 506
178 586
178 685
179 572
180 -517
180 670
180 772
181 150
181 585
181 686
181 780
182 -441
182 492
182 578
182 584
185 687
185 773
185 898
186 508
187 -528
187 153
187 492
187 673
188 688
188 781
189 775
191 110
191 155
192 493
192 510
192 688
192 776
192 781
193 158
193 777
193 903
194 -537
194 44
194 44
194 160
194 678
195 9
195 66
195 780
196 494
197 81
197 511
197 688
198 -29
198 680
199 166
199 596
199 907
200 -463
200 90
200 496
200 510
200 594
201 -544
201 -67
201 598
201 687
202 498
202 683
203 508
203 600
203 685
203 687
204 92
204 499
204 502
204 506
204 686
206 -104
206 592
207 -550
207 603
207 912
208 87
211 172
211 606
212 -553
212 -138
213 76
214 917
215 -486
215 717
215 719
215 719
215 721
216 716
216 723
217 -554
217 -166
217 59
217 608
217 715
217 725
218 592
219 -226
219 714
219 726
220 -217
221 -555
221 -235
221 -210
221 35
222 714
222 728
223 -244
223 -185
223 18
223 611
223 920
224 714
224 729
225 -556
225 -204
225 6
227 -2
227 714
227 729
228 -252
228 -194
228 872
229 -557
229 -510
229 179
230 -202
230 -7
230 614
230 715
230 729
231 -196
232 -560
232 -202
232 922
233 -257
233 -202
233 -198
233 -76
233 -64
233 -53
233 -9
233 716
233 729
234 -201
234 -200
234 -199
235 -92
235 -44
235 594
236 -562
236 -259
236 -8
236 718
236 729
237 -111
237 617
238 -529
238 -262
238 -36
239 719
239 729
240 -566
240 -265
241 -5
241 721
241 728
242 -268
242 -144
242 -29
243 -569
243 722
243 727
243 924
244 -271
244 133
244 620
245 -573
245 -275
245 723
245 727
246 -547
246 -281
246 -278
246 -170
246 724
246 725
246 726
246 746
246 746
247 -22
247 1
247 740
248 748
249 -298
250 -190
251 -563
251 623
251 734
252 -583
252 -257
252 186
252 750
254 -269
254 -250
254 -205
255 -575
255 7
255 598
256 -587
256 -326
256 -11
256 925
257 -584
258 627
258 728
259 -246
259 -216
259 750
260 -287
261 -2
261 11
264 -224
264 631
265 5
265 12
265 723
266 10
267 -360
267 749
268 -244
269 -311
270 635
270 925
271 -229
273 719
274 638
276 603
276 747
277 191
277 642
277 642
279 -397
280 -233
281 -243
282 717
283 -342
283 647
285 744
287 -236
287 75
287 89
287 89
287 101
288 -356
288 -243
288 64
288 112
288 652
288 924
289 55
289 121
290 48
290 127
290 715
291 132
292 -433
292 -239
292 43
293 -243
293 134
293 740
294 39
294 154
294 655
295 -375
295 135
295 609
296 -242
296 -240
297 -241
297 38
298 133
298 716
300 39
300 656
300 735
302 -398
303 125
303 196
304 -463
304 556
304 718
305 43
306 554
306 731
307 112
307 560
307 656
308 53
309 -252
309 -251
309 -21
309 -8
309 -8
309 -5
309 98
309 719
310 -422
310 -3
310 67
310 728
311 -253
311 -248
311 -2
311 82
311 556
312 -38
312 615
312 721
312 725
313 -3
313 654
313 723
314 -484
314 -247
314 568
315 -6
316 -253
316 -56
317 -446
317 -9
319 560
320 -492
320 -244
320 -15
321 -1633
321 -1630
321 -1625
321 -492
321 -75
321 651
322 -1634
323 -1618
323 -492
323 -466
323 -21
324 -1632
324 -253
324 622
325 -1609
325 -492
326 -1628
326 -491
326 579
326 579
327 -491
327 -481
327 -92
328 -1599
328 -490
329 -1622
329 -490
329 -489
329 -242
329 199
329 626
329 647
330 -38
330 568
332 -1615
332 -1588
332 -106
332 584
333 644
334 630
335 -251
336 -1605
336 -1576
336 -55
336 633
336 641
338 -116
338 589
338 636
338 639
339 -177
339 -176
339 -176
339 -175
340 -1595
340 -1564
340 -238
340 -178
340 -174
340 -72
341 -180
341 -173
342 -181
342 -173
342 -120
342 171
344 -1583
344 -269
344 -269
344 -183
344 -172
344 -87
344 579
344 593
345 -270
345 -268
345 -184
345 -172
345 -117
346 -110
346 -100
347 -271
347 -271
347 -186
347 -171
348 -267
349 -248
349 -187
349 -171
349 597
350 -272
350 584
351 -267
351 -188
351 -172
351 200
351 921
353 -273
353 -189
353 -172
354 -235
354 600
355 -266
355 -189
355 -173
355 589
356 -1527
356 -273
357 -188
357 -175
358 -1550
358 -187
358 -176
359 -186
359 -178
359 602
360 -274
360 -266
360 -184
360 -182
360 -180
360 593
361 200
362 604
363 -273
363 597
365 -266
365 600
365 604
366 602
366 604
367 -273
368 -245
369 -267
369 -231
370 -272
372 -267
372 201
373 -271
374 -268
375 -1519
375 -270
375 -269
375 679
376 -269
376 676
376 681
377 672
377 672
377 684
377 745
377 746
378 -1493
378 -12
378 669
378 686
378 744
378 747
379 -37
379 8
380 15
380 117
380 687
380 742
380 781
380 781
381 21
381 100
381 107
381 125
381 666
381 748
381 777
381 779
381 783
381 785
382 -243
382 -64
382 132
382 202
382 775
382 787
383 26
383 94
383 138
383 688
383 774
383 788
384 664
384 741
385 -227
385 29
385 91
385 142
385 621
385 749
385 772
385 790
385 918
385 920
386 623
386 916
386 916
387 -91
387 31
387 619
387 626
387 662
387 688
387 740
387 772
387 791
387 914
387 922
388 89
388 146
388 184
389 618
389 771
389 791
389 912
389 923
390 32
390 628
390 688
390 738
390 749
391 660
391 771
391 791
392 -116
392 149
392 204
392 687
392 910
392 924
393 89
393 617
393 736
393 771
393 791
394 -262
394 -261
394 -260
394 -242
394 7
394 10
394 12
394 32
394 632
394 686
394 908
395 -262
395 2
395 772
395 791
396 -259
396 -5
396 618
396 659
396 672
396 674
396 676
396 678
396 685
396 735
396 750
396 925
397 -1489
397 -263
397 -13
397 680
397 684
397 772
397 790
397 907
398 -137
398 -22
398 31
398 151
398 670
398 682
398 733
398 774
398 788
399 -263
399 -258
399 14
399 775
399 787
400 -32
400 90
400 635
400 658
400 668
400 731
400 777
400 785
400 906
401 30
401 619
401 730
401 779
401 781
401 783
401 926
402 -42
402 206
402 667
403 -1461
403 -264
403 -242
403 -223
403 -223
403 729
403 750
403 906
404 -152
404 -53
404 153
404 153
405 30
405 658
405 665
406 -65
406 17
406 621
406 639
406 639
406 729
406 905
406 926
407 -264
408 -253
408 -77
409 31
409 92
409 154
409 664
409 906
410 -266
410 -244
410 -159
410 -89
410 208
410 751
411 623
411 658
411 730
412 -249
412 -100
412 906
412 926
413 -267
413 -246
413 -159
413 32
413 154
414 -111
414 663
415 94
415 659
415 907
416 -159
416 -120
416 19
416 627
417 -270
417 -128
417 33
417 662
417 732
417 752
417 925
418 -157
418 155
418 210
418 659
418 908
419 -272
419 -155
419 -150
419 -145
419 -137
419 660
419 661
420 -247
420 647
421 96
421 631
421 910
421 924
422 -1462
422 -276
422 -250
422 36
422 156
423 912
424 -279
424 -243
424 213
424 734
424 754
424 923
425 -283
425 38
425 635
425 914
426 -287
426 20
426 98
426 157
426 922
427 -290
427 916
428 -292
428 -251
428 918
428 920
429 -668
429 -292
429 41
429 41
430 -670
430 -291
430 -288
430 158
430 652
431 -284
431 -278
431 195
431 738
431 755
432 -1431
432 -274
432 -238
432 44
432 100
432 158
433 -660
433 -269
434 -265
434 158
434 643
435 -666
436 -261
436 47
436 102
437 21
437 655
437 757
438 -258
438 157
438 220
439 -216
439 650
439 742
440 -255
440 -250
440 50
441 104
441 655
442 -648
442 153
442 654
443 -253
443 -249
443 -232
443 759
444 51
444 106
445 -657
445 -251
445 146
446 -249
446 20
446 108
447 -250
447 53
448 -249
448 138
448 747
448 760
448 760
449 -250
449 -249
449 -249
449 113
450 -1437
450 120
450 129
451 54
453 225
453 789
453 795
454 19
454 54
454 785
454 798
455 -631
456 801
457 53
457 782
458 -226
459 18
459 782
460 805
461 -641
461 755
461 766
462 14
462 49
463 783
464 -503
465 -1404
465 -509
465 8
465 79
466 -513
466 -488
466 81
466 808
467 -515
468 0
468 38
468 229
468 786
469 -210
470 -513
471 -472
471 78
471 85
471 761
471 769
472 -11
472 811
473 -628
473 -609
473 -609
473 -509
473 203
474 22
474 790
476 -221
476 -23
476 766
476 770
477 -502
478 769
479 -1416
480 -600
480 -455
480 -37
480 3
480 797
480 814
481 88
482 78
483 -491
484 -614
484 -548
484 -546
484 -544
484 -544
484 -542
484 -52
484 232
484 800
485 -551
485 -550
485 -540
486 -553
486 -538
486 -20
486 596
486 600
486 605
486 605
486 610
486 614
487 -592
487 -554
487 -537
487 -68
487 591
487 593
487 617
487 620
488 -554
488 589
488 621
488 803
488 817
489 -554
489 -536
489 -477
489 589
489 621
490 -554
490 590
490 620
491 -554
491 -535
491 -437
491 -84
491 -45
491 592
491 618
492 -553
492 -207
492 595
492 598
492 612
492 615
493 -584
493 -534
493 602
493 605
493 609
493 805
494 -601
494 -551
494 -96
494 709
494 709
495 -550
495 -534
495 -466
495 -71
495 674
495 676
495 678
495 707
495 711
496 -105
496 673
496 680
496 705
496 713
497 -548
497 -534
497 93
497 672
497 704
497 715
497 820
497 820
498 -546
498 -111
498 682
499 -578
499 -535
499 -214
499 -113
499 -98
499 672
499 704
499 716
499 808
500 -544
500 -536
500 -112
500 -107
500 80
500 684
501 -1381
501 -542
501 -540
501 -538
501 -537
501 233
501 672
501 703
501 717
502 -454
502 686
503 -590
504 -572
504 -420
504 673
504 703
504 718
504 809
505 688
505 688
506 822
507 -205
507 675
507 704
507 719
508 -568
509 -580
509 677
510 -1399
510 -566
510 -442
510 705
510 719
510 811
511 -209
512 -565
512 208
512 679
512 693
513 -572
513 -206
513 706
513 719
514 -567
514 824
515 682
516 97
516 97
516 707
516 719
516 812
518 -430
518 -403
518 233
518 696
519 709
519 718
519 783
520 688
520 782
520 784
521 -479
521 -475
521 -361
521 -355
521 84
521 710
521 718
521 786
521 812
522 -469
522 -365
522 697
522 781
522 826
523 -346
523 693
523 712
523 717
523 788
524 -481
524 696
524 697
524 713
524 716
525 -367
525 -341
525 714
525 715
525 716
525 781
526 -461
526 -461
526 812
527 -419
527 780
527 791
528 -481
528 -457
529 -367
529 -334
529 828
530 778
531 -453
531 794
531 813
532 776
533 -479
534 -450
534 -389
534 -364
534 232
534 773
535 814
535 829
536 -409
536 -326
536 770
536 797
536 797
537 -448
537 101
538 87
538 210
538 767
539 -1361
539 -474
539 -446
539 763
539 815
539 830
540 -1388
540 -359
540 758
541 755
542 -446
542 753
542 817
542 831
543 752
544 -399
544 -318
544 753
544 756
544 818
544 832
544 832
545 -467
545 -446
545 760
545 766
545 771
545 829
545 831
545 831
546 775
546 820
546 822
546 825
546 826
546 828
547 -446
547 -351
547 803
548 -464
548 780
549 -448
549 785
550 -461
550 -378
550 -378
551 -458
551 -450
551 -347
551 229
551 789
552 -455
552 -452
552 -391
552 89
553 -308
553 104
554 793
555 807
556 797
557 -342
558 212
558 229
558 696
558 697
558 698
559 -1383
559 694
559 698
559 800
560 698
561 -532
561 -530
561 691
561 810
562 -534
562 -527
562 91
562 689
562 697
563 -525
563 -299
563 805
564 686
564 696
565 -522
565 -369
565 -335
565 811
566 106
566 232
566 809
567 -539
567 -379
567 683
567 683
567 694
567 811
568 -519
569 -449
569 -448
569 691
570 -450
570 -446
570 93
570 680
571 -517
572 -451
572 -445
572 677
572 689
573 -542
574 -515
574 -515
574 -451
574 -443
574 215
574 686
575 -1379
575 -328
575 -289
575 674
576 -363
576 96
576 107
577 -451
577 -441
577 -441
577 -369
577 239
577 672
577 683
579 -450
579 -110
579 -100
579 -90
580 -1346
580 -1346
580 -80
580 98
580 670
580 680
581 -544
581 -71
582 -511
582 -449
582 -360
582 -154
582 107
582 668
582 677
583 -363
583 -63
583 674
584 -436
584 101
584 667
585 -448
585 -360
585 -319
585 106
585 667
585 672
586 -279
586 -279
586 -55
586 104
586 218
586 667
586 668
586 670
587 -446
588 -509
588 860
588 862
588 864
588 864
588 866
589 -544
589 -445
589 -433
589 -47
589 858
589 868
590 249
590 857
590 870
591 -1376
591 -443
592 -41
592 -41
592 818
592 820
592 855
592 871
593 -441
593 -432
593 -115
593 -113
593 817
593 822
593 854
593 890
593 891
593 894
594 -508
594 -115
594 -110
595 -436
595 -431
595 815
595 825
595 854
595 872
595 890
595 897
596 -542
596 -433
596 -114
596 -105
596 -36
596 222
597 -432
597 -311
597 814
597 854
597 873
598 -99
598 827
598 890
598 900
599 -510
599 -112
599 854
600 -31
600 774
600 874
601 -1340
601 772
601 777
601 813
601 903
602 -539
602 -109
602 -92
602 828
602 854
603 -512
603 227
603 771
603 891
604 -27
604 780
604 855
604 874
604 906
605 -107
605 718
605 721
605 812
606 -516
606 -85
606 857
607 -535
607 -263
607 74
607 263
607 771
607 830
607 874
608 -1375
608 -529
608 -522
608 -161
608 -161
608 -23
608 716
608 725
608 785
608 858
608 909
609 -302
609 -165
609 -159
609 -105
609 233
609 812
609 873
609 892
610 -168
610 -157
610 -78
610 82
610 860
611 69
612 -423
612 -422
612 -155
612 -20
612 771
612 862
612 872
613 -425
613 -420
613 -420
613 -170
613 -127
613 -103
613 730
613 791
613 831
613 864
613 871
613 912
614 -425
614 -72
614 866
614 870
614 893
615 -426
615 -418
615 -154
615 242
615 715
615 770
615 868
616 -171
616 -18
617 -426
617 -416
617 -101
617 812
618 770
618 893
618 914
619 -414
619 -153
619 -65
619 798
619 832
620 -425
620 -17
620 65
620 91
620 249
621 -413
621 -170
621 -120
621 -100
621 769
622 -293
622 -152
622 734
622 812
623 -1336
623 -424
623 -411
623 -251
623 -60
623 -16
623 893
623 916
624 716
624 767
624 803
625 -410
625 -99
625 811
625 833
626 -1375
626 -168
626 -115
626 282
626 765
626 807
626 809
627 -410
627 -151
627 918
628 -99
628 -55
628 258
628 763
628 892
629 -421
629 753
629 759
629 761
630 -410
630 -110
631 -17
631 750
632 -165
632 -151
632 -100
632 -52
632 833
632 891
632 919
632 919
633 -106
633 719
633 739
633 739
633 751
634 -419
634 -410
634 -103
634 -101
635 -242
635 65
635 753
635 889
636 -49
637 -416
637 -411
637 -283
637 102
637 102
637 741
637 758
637 920
638 -151
638 -20
638 270
638 886
639 -414
639 -412
639 -161
639 833
640 764
641 -45
641 722
641 742
641 883
642 -151
642 -24
642 773
643 -158
643 880
643 921
644 -237
645 -39
645 -29
645 782
645 877
646 -156
646 -152
646 -34
646 743
647 -1335
647 -154
647 -153
647 834
647 876
647 889
647 894
648 -1377
648 725
648 792
648 876
648 878
648 880
648 884
648 898
648 921
649 744
649 902
650 -273
650 284
650 306
651 -235
651 906
652 802
653 729
653 745
654 922
655 68
655 745
655 835
655 909
656 -236
657 745
658 111
658 733
658 744
658 810
659 912
660 -266
660 737
660 741
660 923
662 -239
663 299
663 837
664 914
665 818
666 -259
666 923
669 -243
670 917
671 -254
671 839
671 923
672 -249
672 -246
673 824
674 -1379
676 -1337
676 924
677 918
678 315
678 334
678 842
680 74
680 827
681 920
681 924
683 116
684 923
685 844
685 921
686 922
686 923
687 828
691 847
691 847
693 332
693 827
694 825
696 822
697 818
699 356
699 814
700 79
700 809
701 791
701 797
701 803
702 779
702 785
702 852
703 774
704 769
705 -1383
706 766
707 763
708 348
709 761
711 117
711 760
711 856
712 -1342
716 777
717 774
717 782
718 761
718 857
719 376
719 772
721 83
721 788
723 856
724 364
724 773
724 821
724 824
724 828
725 763
725 818
725 833
726 815
726 854
727 814
727 842
727 849
728 795
729 813
730 775
731 799
732 812
733 765
734 802
734 812
736 805
736 811
737 394
737 781
737 808
737 810
738 380
739 768
740 116
741 86
741 783
743 655
743 657
743 657
743 661
744 -241
744 785
745 -240
745 653
745 664
745 772
746 -241
746 787
747 -238
747 651
747 666
749 775
749 787
750 -239
750 650
751 394
751 667
751 787
752 -234
752 410
752 779
752 787
753 648
753 783
753 785
755 -236
755 666
756 -1349
757 647
758 -229
758 -229
761 647
761 664
762 -226
762 87
762 407
764 -233
765 422
766 -223
766 647
767 661
769 112
771 -220
771 418
772 647
774 -228
774 657
775 -218
775 431
777 647
778 427
778 654
779 -216
780 648
781 87
781 436
781 652
782 -214
782 433
782 649
782 650
783 -223
784 436
785 -213
787 -1393
788 -213
789 -220
792 -213
793 -217
794 -215
794 -214
797 105
800 85
811 -1360
817 82
820 856
820 881
820 900
821 95
821 824
822 784
822 784
822 913
824 921
825 720
827 925
829 673
831 926
833 77
833 645
836 925
837 634
839 920
841 642
842 74
842 82
842 911
843 897
844 668
845 877
846 711
846 774
846 816
846 851
848 72
848 77
852 74
853 71
854 72
855 70
861 -464
861 597
861 599
862 -1404
862 -467
862 601
863 594
864 -460
864 601
865 589
867 -469
868 -714
868 -711
868 -708
868 -704
868 -704
868 -700
868 583
868 583
868 600
869 -716
869 -696
869 -694
870 -717
870 -693
870 -456
871 -718
871 -693
871 577
872 -718
872 -693
872 599
873 -771
873 -769
873 -767
873 -717
873 -695
874 -772
874 -765
874 -716
874 -697
874 570
875 -763
875 -714
875 -700
875 -469
875 596
876 -772
876 -711
876 -709
876 -706
876 -703
877 -1374
877 -760
878 -772
878 561
879 592
880 -771
880 -757
880 -757
880 -667
880 -666
880 -664
880 -452
881 -667
881 -660
882 552
883 -769
883 -666
883 -655
883 -655
883 586
885 -651
886 -767
886 -750
886 -664
886 -648
886 541
887 -468
888 -646
888 579
888 926
889 -1377
889 -765
889 -661
889 786
889 810
889 810
890 -644
890 530
890 762
891 -658
891 740
892 -762
892 -745
892 -642
892 570
892 720
893 -641
893 -448
893 -448
893 702
894 -655
894 519
894 686
895 -759
895 -653
895 -641
895 -466
896 -650
896 -642
896 561
896 675
897 -648
897 -645
897 -644
898 -756
898 -743
898 508
898 667
900 -1379
900 551
900 660
902 -742
902 -464
902 655
903 -750
903 540
904 -742
904 653
905 -745
905 654
906 -445
906 488
907 657
908 664
909 -462
910 515
910 674
911 -1381
912 475
912 688
914 699
914 926
915 495
915 713
916 -460
916 470
917 -443
917 481
917 728
918 472
918 745
919 439
919 763
920 -1382
920 423
920 428
920 428
920 446
921 417
921 449
921 781
921 800
921 926
922 -633
922 -631
922 -458
922 411
922 817
923 -634
923 -629
923 404
923 447
923 834
924 -636
924 -627
924 -627
924 398
924 850
925 -636
925 -625
925 -442
925 442
925 866
926 -637
926 392
926 880
926 925
927 -623
927 -455
927 432
928 -621
928 387
928 892
929 -1383
929 -637
929 901
930 -1417
930 -773
930 -770
930 -766
930 -766
930 -762
930 -620
930 -157
930 382
930 420
930 924
931 -778
931 -776
931 -759
931 -756
931 -637
931 -618
931 -453
931 -442
931 909
932 -780
932 -755
932 -159
932 378
933 -780
933 -755
933 -636
933 -617
933 -451
933 376
933 403
933 913
933 923
934 -780
934 -755
934 -617
934 393
934 916
934 921
935 -1384
935 -779
935 -757
935 -636
935 -617
935 -443
935 375
935 377
935 380
935 386
935 919
936 -760
936 -634
936 -617
936 -447
937 -778
937 -776
937 -762
937 -618
937 -617
937 -444
938 -774
938 -771
938 -768
938 -765
938 -633
938 -620
939 -631
939 -629
939 -625
939 -623
939 -621
939 -152
940 -1384
940 -627
943 -1384
944 -159
948 -1385
959 -1388
960 -145
965 -157
970 -142
972 -714
972 -703
972 -689
972 -689
972 -677
972 -667
973 -721
973 -660
973 -656
974 -724
975 -724
975 -654
976 -1392
977 -722
977 -654
979 -716
979 -656
981 -139
982 -708
982 -661
984 -666
985 -701
986 -694
986 -671
987 -688
987 -676
988 -682
991 -328
991 -326
991 -326
991 -137
992 -330
992 -321
993 -333
993 -318
994 -335
994 -317
995 -1431
995 -152
996 -1398
996 -337
996 -317
998 -339
998 -319
999 -341
1000 -322
1001 -135
1002 -342
1003 -326
1004 -480
1004 -479
1004 -343
1005 -478
1005 -343
1006 -481
1006 -343
1006 -332
1007 -342
1007 -340
1007 -338
1007 -336
1008 -476
1009 -481
1011 -133
1012 -474
1014 -481
1017 -472
1017 -472
1018 -481
1021 -1406
1021 -481
1021 -131
1025 -480
1026 -468
1028 -479
1029 -130
1031 -477
1033 -465
1034 -476
1034 -145
1035 -130
1036 -474
1036 -237
1036 -235
1036 -234
1037 -300
1037 -296
1037 -296
1037 -291
1037 -240
1037 -234
1038 -472
1038 -463
1038 -304
1038 -287
1038 -243
1038 -234
1039 -307
1039 -285
1039 -246
1040 -468
1040 -308
1040 -283
1040 -235
1041 -463
1041 -309
1041 -282
1041 -250
1041 -130
1042 -465
1042 -463
1042 -237
1043 -309
1043 -282
1043 -254
1043 -254
1044 -240
1045 -308
1045 -283
1045 -258
1046 -243
1046 -129
1047 -306
1047 -285
1048 -262
1049 -1415
1049 -246
1050 -303
1050 -288
1050 -266
1051 -301
1051 -291
1051 -250
1051 -128
1052 -298
1052 -296
1052 -293
1052 -269
1053 -254
1055 -271
1055 -127
1056 -273
1056 -258
1057 -1447
1057 -262
1058 -275
1059 -275
1059 -266
1059 -126
1060 -275
1060 -273
1060 -271
1060 -269
1061 -124
1063 -122
1064 -120
1064 -118
1065 -116
1067 -114
1069 -112
1072 -110
1074 -201
1074 -199
1074 -199
1074 -198
1075 -204
1075 -197
1075 -109
1076 -207
1076 -196
1077 -210
1077 -195
1078 -107
1079 -1425
1079 -213
1079 -195
1079 -136
1080 -195
1081 -216
1082 -220
1082 -196
1082 -106
1082 -106
1084 -223
1084 -197
1086 -105
1087 -228
1087 -199
1088 -201
1090 -231
1090 -204
1091 -232
1091 -104
1092 -207
1093 -233
1093 -210
1094 -232
1094 -230
1094 -218
1094 -214
1095 -226
1095 -221
1096 -104
1101 -104
1102 -131
1106 -104
1111 -104
1112 -1436
1116 -104
1120 -1465
1121 -126
1121 -105
1125 -106
1131 -107
1137 -107
1138 -122
1143 -108
1149 -1449
1149 -109
1152 -118
1156 -109
1162 -115
1162 -110
1167 -110
1168 -113
1170 -111
1181 -1460
1185 -1487
1209 -1471
1231 -1480
1241 -159
1241 -158
1242 -160
1243 -156
1244 -160
1246 -154
1248 -1488
1248 -161
1250 -151
1250 -151
1253 -1513
1253 -161
1256 -161
1257 -1514
1257 -147
1260 -160
1261 -1515
1261 -1495
1262 -144
1263 -159
1264 -1515
1265 -158
1265 -142
1266 -1514
1268 -1513
1268 -1500
1268 -156
1268 -141
1269 -155
1269 -142
1270 -1511
1270 -153
1270 -144
1271 -1508
1271 -1505
1271 -151
1271 -147
