-1691 340
-1691 421
-1690 501
-1689 268
-1689 571
-1686 216
-1686 620
-1682 193
-1682 639
-1680 188
-1676 176
-1676 644
-1671 158
-1668 659
-1665 135
-1660 454
-1660 478
-1659 108
-1659 500
-1658 424
-1658 681
-1656 522
-1651 78
-1651 546
-1650 346
-1646 710
-1644 44
-1642 577
-1637 255
-1636 9
-1634 744
-1630 615
-1627 -30
-1622 781
-1619 155
-1617 -74
-1613 664
-1611 820
-1605 -121
-1600 859
-1599 51
-1592 905
-1591 -170
-1589 738
-1584 965
-1584 1422
-1583 1410
-1583 1430
-1581 1393
-1581 1435
-1579 476
-1579 518
-1578 -220
-1578 1034
-1578 1371
-1578 1371
-1578 1438
-1576 422
-1575 -52
-1575 547
-1575 547
-1574 1110
-1574 1321
-1573 553
-1572 1185
-1572 1257
-1572 1439
-1571 358
-1571 557
-1570 803
-1569 561
-1566 563
-1565 1439
-1563 -268
-1563 565
-1562 287
-1560 565
-1558 1439
-1556 565
-1554 861
-1553 1437
-1552 563
-1551 -150
-1551 209
-1549 -314
-1549 1434
-1545 1429
-1543 560
-1543 916
-1542 1422
-1539 1412
-1538 661
-1537 128
-1537 1398
-1536 -356
-1536 434
-1536 438
-1536 442
-1536 446
-1535 432
-1535 451
-1535 971
-1534 457
-1534 1381
-1533 430
-1533 1367
-1532 462
-1531 425
-1531 1346
-1530 1028
-1530 1321
-1529 469
-1529 1292
-1528 414
-1528 1261
-1527 1089
-1527 1159
-1527 1193
-1527 1228
-1526 474
-1525 -238
-1525 397
-1524 553
-1522 374
-1522 479
-1521 44
-1518 348
-1518 483
-1515 317
-1514 486
-1512 -431
-1511 -6
-1511 284
-1509 488
-1509 731
-1507 249
-1503 212
-1503 489
-1501 -311
-1499 177
-1497 489
-1495 145
-1495 543
-1493 -494
-1491 117
-1491 776
-1487 93
-1483 74
-1481 -129
-1481 -127
-1481 -127
-1481 -125
-1480 -548
-1480 -132
-1480 -124
-1480 61
-1480 486
-1479 -880
-1479 -865
-1479 -137
-1479 -123
-1478 -890
-1478 -142
-1477 -845
-1477 -123
-1476 -149
-1476 -123
-1476 53
-1475 -898
-1475 -819
-1475 824
-1474 -156
-1473 -390
-1473 -123
-1472 -786
-1472 -163
-1471 -903
-1471 -596
-1471 -123
-1470 -171
-1470 712
-1469 -124
-1469 734
-1467 -733
-1467 44
-1467 692
-1466 -907
-1466 -641
-1465 -685
-1464 757
-1462 -910
-1460 -126
-1460 676
-1460 875
-1459 -914
-1459 -208
-1459 530
-1458 -988
-1458 -974
-1458 -961
-1457 -1004
-1457 -951
-1457 -917
-1456 -1021
-1456 -942
-1455 -1038
-1455 -937
-1455 -921
-1455 782
-1454 -933
-1454 -929
-1454 -925
-1454 35
-1454 480
-1453 -1060
-1451 -1078
-1450 -460
-1449 -1092
-1449 665
-1447 -1103
-1447 926
-1444 -1112
-1444 -931
-1443 807
-1442 629
-1441 -1117
-1441 -130
-1439 659
-1438 -988
-1437 -1120
-1437 -1001
-1437 27
-1437 976
-1435 -1014
-1434 -1027
-1434 -911
-1434 -522
-1433 -1121
-1432 -1040
-1432 656
-1430 -1053
-1429 -1121
-1428 -1064
-1428 1025
-1427 -1075
-1427 832
-1426 -1119
-1426 1409
-1426 1416
-1426 1422
-1426 1428
-1425 -1083
-1425 -829
-1425 657
-1425 1401
-1425 1401
-1425 1433
-1425 1436
-1424 -1117
-1424 -1094
-1423 -1113
-1423 -1102
-1423 -580
-1423 -23
-1423 1071
-1423 1438
-1422 -1108
-1422 470
-1422 622
-1422 840
-1422 1379
-1422 1439
-1420 1113
-1420 1113
-1420 1126
-1420 1438
-1419 -758
-1419 664
-1419 1139
-1419 1361
-1418 20
-1418 1150
-1418 1436
-1417 -637
-1417 850
-1416 -695
-1416 1160
-1416 1346
-1416 1432
-1415 515
-1415 1168
-1415 1427
-1413 677
-1413 860
-1413 1174
-1413 1336
-1413 1420
-1411 -136
-1411 1178
-1411 1413
-1410 873
-1410 1179
-1410 1328
-1410 1405
-1409 1397
-1408 888
-1407 698
-1407 1323
-1407 1388
-1406 907
-1406 1178
-1406 1379
-1405 -27
-1404 929
-1404 1320
-1404 1370
-1403 955
-1403 1361
-1401 615
-1401 984
-1401 1354
-1400 15
-1400 726
-1400 1007
-1400 1319
-1399 -341
-1399 1175
-1399 1347
-1398 -335
-1398 1023
-1398 1319
-1398 1341
-1397 -350
-1396 1035
-1396 1320
-1396 1337
-1395 1322
-1395 1333
-1394 -333
-1394 1042
-1394 1324
-1394 1326
-1394 1329
-1392 -363
-1391 657
-1391 669
-1391 677
-1391 764
-1390 647
-1390 685
-1390 691
-1390 1046
-1390 1171
-1389 697
-1388 -931
-1388 -31
-1388 458
-1388 639
-1387 -333
-1387 702
-1386 706
-1386 782
-1386 1047
-1385 633
-1384 708
-1383 -380
-1383 12
-1382 709
-1381 628
-1381 802
-1380 1046
-1379 607
-1379 711
-1378 -911
-1378 1165
-1376 -335
-1376 823
-1376 1045
-1375 -931
-1375 718
-1374 -144
-1374 623
-1372 1045
-1371 -402
-1371 -34
-1371 728
-1370 843
-1369 -336
-1369 12
-1369 1045
-1367 739
-1366 497
-1366 619
-1366 1046
-1365 -413
-1365 863
-1364 -932
-1364 752
-1364 1047
-1364 1157
-1363 1423
-1362 1049
-1362 1413
-1362 1430
-1361 -911
-1361 15
-1361 765
-1361 1051
-1361 1054
-1361 1057
-1361 1400
-1361 1435
-1360 -424
-1360 -337
-1360 776
-1360 785
-1360 882
-1360 1060
-1359 18
-1359 599
-1359 1063
-1359 1384
-1359 1438
-1358 797
-1357 24
-1357 1066
-1357 1365
-1357 1365
-1356 1439
-1355 -435
-1355 -38
-1355 31
-1355 446
-1355 614
-1355 899
-1355 1070
-1353 -933
-1353 40
-1352 1073
-1352 1337
-1351 51
-1351 817
-1351 914
-1351 1436
-1350 -445
-1349 -910
-1349 63
-1349 1076
-1348 -338
-1348 1149
-1348 1314
-1347 -455
-1347 76
-1347 611
-1347 1428
-1346 89
-1346 1079
-1345 310
-1345 321
-1345 932
-1344 -934
-1344 -463
-1344 102
-1344 332
-1344 332
-1344 1297
-1343 300
-1343 338
-1343 1415
-1342 -469
-1342 115
-1341 -477
-1341 -474
-1341 290
-1341 343
-1341 843
-1341 1082
-1340 -481
-1340 -41
-1340 128
-1340 347
-1340 608
-1340 1286
-1339 -909
-1339 -485
-1339 591
-1339 947
-1339 1399
-1338 -488
-1338 350
-1337 -936
-1337 139
-1337 281
-1336 -491
-1336 352
-1336 1282
-1336 1379
-1335 -338
-1335 149
-1335 958
-1335 1083
-1334 353
-1334 1284
-1333 -493
-1333 -220
-1333 353
-1333 606
-1333 1358
-1332 157
-1332 275
-1332 1294
-1332 1335
-1331 -939
-1331 -908
-1331 -495
-1331 352
-1331 1140
-1331 1311
-1330 966
-1329 -496
-1329 -154
-1329 163
-1329 872
-1328 -43
-1327 -941
-1327 167
-1327 271
-1327 345
-1327 603
-1327 1082
-1326 -905
-1326 434
-1324 -944
-1324 973
-1323 -902
-1323 170
-1323 334
-1322 -898
-1321 -893
-1321 -497
-1321 -392
-1321 -386
-1321 269
-1321 584
-1321 602
-1320 -887
-1320 -397
-1320 -337
-1320 169
-1320 320
-1319 -948
-1319 -381
-1319 -46
-1319 977
-1318 166
-1318 272
-1318 306
-1317 280
-1317 292
-1317 372
-1317 374
-1316 -400
-1316 -375
-1316 377
-1316 600
-1316 901
-1316 1079
-1315 158
-1314 -883
-1314 146
-1313 370
-1313 479
-1313 599
-1313 1130
-1312 -47
-1312 130
-1312 382
-1312 980
-1311 -401
-1311 -370
-1311 1354
-1311 1354
-1311 1389
-1310 -401
-1310 109
-1310 599
-1310 1342
-1308 -422
-1308 -402
-1308 -223
-1308 82
-1307 -952
-1307 -415
-1307 -403
-1307 62
-1307 369
-1307 388
-1307 1329
-1306 -430
-1306 -412
-1306 -409
-1306 -407
-1306 -405
-1305 -499
-1305 -367
-1305 -49
-1305 42
-1305 424
-1305 578
-1304 -337
-1304 24
-1304 982
-1303 392
-1303 606
-1303 928
-1303 1074
-1302 -878
-1302 -438
-1302 -366
-1302 7
-1302 1318
-1300 -623
-1300 -50
-1300 -8
-1300 397
-1299 -624
-1299 -622
-1298 -626
-1298 -622
-1298 -20
-1298 369
-1298 401
-1297 -365
-1297 -30
-1296 -628
-1296 -628
-1296 -622
-1296 -50
-1296 405
-1295 -445
-1295 -35
-1295 409
-1295 417
-1295 1306
-1294 412
-1294 415
-1294 1120
-1293 -623
-1293 -50
-1293 -41
-1292 -364
-1292 -48
-1292 -45
-1292 572
-1292 625
-1292 949
-1292 984
-1289 -624
-1288 -956
-1288 -336
-1287 -363
-1287 274
-1287 277
-1286 1066
-1286 1296
-1285 -452
-1285 369
-1285 888
-1284 886
-1283 -225
-1283 269
-1283 881
-1283 889
-1283 962
-1283 985
-1282 278
-1282 568
-1281 -874
-1281 -500
-1281 -362
-1280 876
-1278 -637
-1278 -164
-1277 652
-1277 887
-1277 969
-1277 984
-1276 -361
-1276 369
-1276 869
-1276 1372
-1275 261
-1275 1285
-1274 -458
-1274 1108
-1273 975
-1273 983
-1272 979
-1271 -335
-1271 276
-1271 563
-1271 862
-1270 -361
-1269 1368
-1268 -630
-1268 368
-1268 880
-1265 -361
-1265 177
-1265 182
-1265 1055
-1264 250
-1264 250
-1264 854
-1263 171
-1262 -462
-1262 185
-1262 559
-1262 683
-1262 1276
-1262 1364
-1261 -960
-1261 -228
-1261 44
-1261 44
-1261 52
-1260 34
-1260 57
-1259 -361
-1259 61
-1259 366
-1258 870
-1257 64
-1257 165
-1257 459
-1257 845
-1256 273
-1256 1360
-1255 22
-1255 188
-1253 -360
-1253 65
-1253 556
-1252 239
-1252 1097
-1251 1355
-1250 -870
-1250 364
-1250 836
-1249 -502
-1249 11
-1248 -466
-1248 66
-1248 159
-1248 859
-1247 -646
-1247 1267
-1247 1351
-1246 189
-1246 554
-1246 716
-1245 -359
-1244 1346
-1243 228
-1243 826
-1242 -636
-1242 -230
-1242 1
-1242 65
-1242 1342
-1241 361
-1241 552
-1241 1264
-1241 1329
-1241 1334
-1241 1338
-1240 1323
-1239 -467
-1239 1042
-1239 1317
-1238 190
-1238 847
-1238 1310
-1237 -357
-1237 154
-1237 552
-1237 817
-1237 1262
-1237 1303
-1236 218
-1236 1296
-1235 268
-1235 552
-1235 1289
-1234 -8
-1234 63
-1234 358
-1234 554
-1234 746
-1234 1262
-1233 194
-1233 208
-1233 1279
-1232 560
-1232 809
-1232 1263
-1232 1272
-1231 200
-1231 1267
-1230 568
-1230 1085
-1229 -355
-1229 835
-1228 61
-1228 579
-1227 -964
-1227 355
-1227 801
-1226 -469
-1226 -15
-1225 -232
-1225 592
-1225 770
-1224 794
-1223 607
-1223 825
-1222 -175
-1222 60
-1222 788
-1221 -352
-1221 352
-1221 784
-1221 818
-1220 264
-1220 623
-1220 813
-1218 -18
-1218 146
-1218 809
-1217 59
-1217 640
-1217 1030
-1216 348
-1214 809
-1213 -641
-1213 -349
-1213 658
-1212 -504
-1212 -234
-1212 -16
-1212 57
-1210 -470
-1210 345
-1209 679
-1209 810
-1209 1074
-1208 -12
-1208 56
-1208 260
-1207 -865
-1206 -652
-1206 -347
-1206 548
-1205 -4
-1205 55
-1205 700
-1204 343
-1204 813
-1203 -236
-1202 7
-1202 54
-1202 141
-1200 53
-1200 255
-1200 723
-1199 -237
-1199 19
-1199 819
-1199 1019
-1198 31
-1198 49
-1198 340
-1198 438
-1197 -239
-1197 41
-1197 909
-1196 -243
-1196 904
-1196 913
-1195 -342
-1195 -247
-1195 745
-1195 898
-1195 917
-1194 826
-1193 -253
-1193 248
-1193 892
-1193 921
-1192 -268
-1192 -260
-1192 339
-1191 -328
-1191 -285
-1191 -276
-1191 139
-1191 766
-1190 -472
-1190 885
-1190 925
-1189 834
-1188 237
-1188 1063
-1187 -338
-1187 878
-1186 337
-1186 786
-1186 841
-1185 871
-1184 -969
-1184 223
-1184 847
-1183 853
-1183 859
-1183 865
-1182 -644
-1182 140
-1182 804
-1182 1009
-1181 -333
-1181 203
-1181 337
-1181 537
-1179 548
-1179 936
-1177 -328
-1177 144
-1176 177
-1176 337
-1175 151
-1174 -322
-1174 162
-1174 548
-1172 -314
-1172 337
-1172 844
-1171 -305
-1171 -293
-1171 -285
-1171 -278
-1170 -506
-1170 -270
-1170 940
-1170 1053
-1169 -475
-1169 -264
-1169 1000
-1168 -258
-1168 548
-1167 -253
-1166 -250
-1166 336
-1166 877
-1165 935
-1164 -248
-1163 -187
-1163 547
-1163 904
-1162 923
-1161 -57
-1160 -657
-1160 -65
-1160 69
-1159 -48
-1159 335
-1158 -72
-1158 65
-1158 546
-1158 992
-1157 -244
-1157 72
-1155 -37
-1155 -37
-1154 544
-1153 -77
-1153 -33
-1153 1045
-1152 61
-1152 333
-1151 -647
-1151 543
-1150 -29
-1150 984
-1149 -340
-1149 73
-1148 -859
-1148 -343
-1148 -337
-1148 -334
-1148 541
-1147 -346
-1147 -332
-1147 -332
-1146 -349
-1146 -81
-1146 -27
-1146 539
-1145 -477
-1145 -242
-1145 330
-1145 419
-1145 978
-1144 -351
-1143 -929
-1143 -923
-1143 973
-1142 -354
-1142 -25
-1141 534
-1141 731
-1141 969
-1140 -357
-1140 -324
-1140 57
-1139 1038
-1139 1396
-1139 1411
-1139 1422
-1138 -361
-1138 327
-1138 964
-1138 1430
-1137 73
-1137 1376
-1136 -366
-1136 -84
-1136 -24
-1136 530
-1136 1351
-1136 1351
-1136 1435
-1135 -919
-1134 -934
-1134 -371
-1134 959
-1134 1333
-1133 -378
-1133 1313
-1133 1438
-1132 -974
-1132 -384
-1132 -320
-1131 -407
-1131 -398
-1131 -391
-1131 323
-1131 1294
-1130 -415
-1130 -241
-1130 529
-1130 1274
-1129 -420
-1129 -23
-1129 513
-1129 954
-1129 1256
-1129 1439
-1128 1239
-1127 -425
-1127 1195
-1127 1211
-1127 1224
-1126 1182
-1125 -509
-1125 -321
-1125 530
-1125 1030
-1125 1437
-1124 -428
-1124 -87
-1124 52
-1124 319
-1124 1171
-1122 948
-1121 -479
-1121 -430
-1121 -23
-1121 1163
-1121 1432
-1120 72
-1119 -649
-1119 532
-1119 748
-1118 -326
-1117 -914
-1117 1156
-1117 1422
-1116 -939
-1116 -431
-1115 536
-1115 943
-1114 313
-1113 49
-1113 754
-1113 1023
-1113 1408
-1112 -660
-1112 -242
-1112 -23
-1112 542
-1111 -335
-1111 549
-1111 549
-1111 709
-1111 1150
-1110 -431
-1110 558
-1109 -90
-1108 564
-1108 760
-1108 1389
-1107 939
-1106 307
-1105 -348
-1105 46
-1105 567
-1104 -431
-1104 766
-1103 1144
-1103 1366
-1102 1016
-1101 702
-1101 774
-1100 -364
-1100 -24
-1100 301
-1099 -430
-1099 568
-1099 783
-1098 43
-1098 794
-1098 934
-1098 1336
-1097 -944
-1097 -91
-1097 401
-1097 807
-1097 823
-1096 -481
-1096 -383
-1096 295
-1096 841
-1096 855
-1095 -428
-1095 -244
-1095 865
-1094 -398
-1094 287
-1094 697
-1093 -424
-1093 -409
-1093 871
-1093 1010
-1092 -418
-1092 39
-1092 278
-1092 1137
-1092 1301
-1091 -909
-1091 -26
-1091 228
-1091 241
-1091 252
-1091 266
-1090 213
-1090 565
-1090 875
-1089 -649
-1089 -91
-1089 198
-1089 496
-1089 694
-1088 35
-1088 182
-1088 929
-1087 166
-1087 1004
-1087 1273
-1086 150
-1086 876
-1086 1076
-1086 1078
-1085 -27
-1085 29
-1085 693
-1085 1072
-1085 1080
-1085 1080
-1084 135
-1083 -89
-1083 22
-1083 694
-1083 1069
-1083 1246
-1082 697
-1082 1000
-1082 1085
-1081 14
-1081 701
-1081 708
-1081 996
-1081 1065
-1080 -85
-1080 -30
-1080 718
-1080 876
-1080 993
-1079 560
-1079 924
-1079 987
-1079 1221
-1078 -247
-1078 -34
-1078 66
-1078 726
-1078 1061
-1078 1087
-1077 -78
-1076 -948
-1076 -511
-1076 -69
-1076 -56
-1076 -40
-1076 980
-1075 -47
-1075 -16
-1075 1058
-1074 -852
-1074 731
-1074 1089
-1074 1197
-1073 -205
-1073 874
-1072 -483
-1072 919
-1072 971
-1071 -980
-1071 1054
-1071 1088
-1071 1177
-1069 733
-1068 -660
-1068 18
-1068 961
-1068 1160
-1067 25
-1067 1087
-1066 553
-1066 873
-1066 913
-1065 33
-1065 769
-1065 1147
-1064 -251
-1064 41
-1064 768
-1064 771
-1064 1048
-1064 1140
-1063 49
-1063 775
-1063 780
-1063 950
-1063 1084
-1062 -648
-1062 56
-1062 63
-1062 732
-1062 766
-1061 70
-1061 75
-1061 485
-1061 787
-1061 872
-1061 908
-1060 85
-1060 794
-1060 1079
-1059 763
-1059 803
-1059 1045
-1058 91
-1058 938
-1058 1115
-1057 812
-1057 872
-1057 902
-1057 1073
-1056 821
-1055 -905
-1055 385
-1055 760
-1055 1044
-1054 96
-1054 729
-1054 832
-1054 873
-1054 897
-1054 1063
-1053 -257
-1053 -257
-1053 876
-1053 891
-1052 -952
-1052 841
-1052 880
-1052 885
-1052 927
-1052 1046
-1052 1055
-1051 -12
-1051 -12
-1051 248
-1051 259
-1051 270
-1051 1049
-1050 -24
-1050 -4
-1050 239
-1050 279
-1050 849
-1050 1414
-1049 -260
-1049 232
-1049 286
-1049 757
-1048 -485
-1048 -35
-1048 2
-1048 542
-1047 98
-1047 226
-1047 291
-1047 856
-1046 -647
-1045 -265
-1045 223
-1045 295
-1045 913
-1044 -45
-1044 6
-1044 723
-1044 862
-1044 1384
-1044 1384
-1043 754
-1043 1377
-1042 297
-1042 866
-1041 -269
-1041 165
-1041 169
-1041 221
-1041 478
-1041 1368
-1040 536
-1040 901
-1039 8
-1039 172
-1039 868
-1039 1357
-1038 -275
-1038 -54
-1038 98
-1038 158
-1038 299
-1037 1345
-1036 175
-1036 219
-1036 750
-1036 869
-1035 -280
-1035 891
-1034 1333
-1033 -647
-1033 -285
-1033 714
-1033 870
-1033 883
-1032 -657
-1032 -291
-1032 -61
-1032 8
-1032 176
-1032 299
-1032 531
-1032 872
-1032 877
-1031 -301
-1031 -296
-1031 149
-1031 219
-1031 1320
-1030 -306
-1029 747
-1029 1307
-1028 -311
-1028 299
-1028 476
-1027 -513
-1026 -955
-1026 -315
-1026 95
-1026 177
-1026 219
-1026 1294
-1025 -487
-1024 -66
-1024 526
-1023 -848
-1023 -319
-1023 297
-1023 1281
-1022 -647
-1022 7
-1021 -985
-1021 372
-1021 704
-1020 -322
-1020 138
-1020 218
-1020 477
-1020 742
-1020 1265
-1019 178
-1018 296
-1018 522
-1017 1249
-1016 -324
-1016 -70
-1015 482
-1015 1232
-1014 216
-1013 -647
-1012 -326
-1012 293
-1012 519
-1012 738
-1012 1214
-1011 4
-1011 697
-1010 90
-1010 178
-1010 490
-1010 1197
-1009 -900
-1008 215
-1008 494
-1008 1181
-1007 -647
-1007 -71
-1007 516
-1006 -651
-1006 127
-1006 290
-1006 498
-1006 733
-1006 1166
-1005 -490
-1005 502
-1004 -648
-1004 505
-1004 514
-1004 692
-1004 1146
-1003 -650
-1003 -330
-1003 -219
-1003 508
-1003 513
-1002 510
-1002 512
-1001 -71
-1001 213
-1001 728
-1001 1129
-1000 -427
-1000 287
-999 -433
-999 -419
-999 177
-999 690
-999 1117
-998 0
-996 -958
-996 -409
-996 -335
-996 361
-996 724
-995 -437
-995 -70
-995 691
-995 1107
-994 210
-994 283
-993 695
-993 719
-992 -3
-992 116
-992 714
-991 -395
-991 -342
-991 -68
-991 83
-991 700
-991 709
-991 1099
-991 1325
-990 1309
-990 1335
-989 -440
-988 207
-988 279
-988 279
-988 1342
-987 -383
-987 -351
-987 -65
-987 1293
-986 -898
-986 -492
-986 -6
-986 1094
-985 -371
-985 -361
-985 176
-984 -61
-984 1346
-983 1278
-982 -55
-982 -9
-982 204
-981 -515
-981 419
-981 421
-981 421
-981 1016
-981 1022
-981 1022
-981 1027
-981 1382
-980 -441
-980 -48
-980 -13
-980 427
-980 1007
-980 1030
-979 -40
-979 107
-979 270
-979 352
-979 416
-979 1032
-979 1089
-979 1376
-979 1386
-978 -31
-978 -24
-978 -18
-978 413
-978 996
-978 1348
-977 1031
-977 1265
-976 77
-976 202
-976 430
-976 984
-975 175
-975 409
-974 -843
-974 970
-974 1028
-973 -989
-973 348
-973 1388
-972 344
-972 405
-972 1370
-971 -494
-971 199
-971 955
-971 1084
-971 1187
-971 1190
-971 1347
-970 259
-970 430
-970 1022
-970 1193
-970 1253
-969 -443
-969 338
-969 1176
-968 401
-968 939
-968 1196
-967 101
-967 173
-966 330
-965 -895
-965 197
-965 1014
-965 1197
-964 71
-964 397
-964 923
-964 1165
-964 1388
-963 -961
-963 427
-963 1080
-962 247
-962 320
-962 1362
-961 -337
-961 -333
-961 -128
-961 169
-961 1198
-961 1243
-961 1344
-960 -496
-960 -330
-960 196
-960 393
-960 902
-960 1004
-960 1414
-959 -444
-959 -340
-958 -325
-958 99
-958 165
-957 100
-957 310
-957 1153
-956 -320
-956 65
-956 158
-956 195
-956 422
-955 -47
-955 102
-955 234
-955 885
-955 995
-955 1198
-954 -347
-954 105
-954 149
-954 1074
-953 -497
-953 -315
-953 110
-953 116
-953 129
-953 137
-953 137
-953 194
-953 387
-953 1387
-952 -446
-952 -231
-952 -8
-952 55
-952 122
-952 298
-952 873
-951 827
-951 827
-951 1235
-950 -310
-950 20
-950 41
-950 194
-950 221
-950 415
-950 817
-950 831
-950 1355
-949 807
-949 985
-949 1197
-949 1338
-948 195
-948 383
-948 864
-948 1143
-947 -355
-947 210
-947 798
-947 833
-946 -499
-946 -448
-946 -305
-946 201
-946 286
-945 -893
-945 407
-945 859
-944 380
-944 789
-943 -300
-943 399
-943 974
-942 380
-942 858
-942 1067
-942 1383
-941 -451
-941 274
-941 381
-941 385
-941 391
-941 835
-941 1196
-940 -500
-940 781
-940 1229
-939 859
-938 -518
-938 -455
-938 1133
-938 1349
-937 775
-936 -500
-936 -460
-936 -364
-936 863
-936 963
-934 -498
-934 -467
-934 1330
-934 1330
-933 -475
-933 257
-933 770
-933 866
-933 1414
-932 -495
-932 -490
-932 -484
-932 1379
-931 836
-930 769
-929 869
-929 952
-928 -891
-928 769
-928 1059
-928 1194
-927 -993
-927 -839
-927 771
-927 1126
-927 1222
-927 1345
-926 238
-926 1324
-925 772
-925 872
-924 -964
-924 -375
-924 -277
-924 775
-923 778
-923 1373
-922 -135
-922 781
-922 941
-921 695
-921 695
-921 701
-921 705
-921 785
-921 789
-921 874
-920 680
-920 707
-920 798
-919 216
-919 708
-918 659
-918 836
-918 1195
-918 1215
-918 1318
-918 1342
-917 804
-917 1122
-917 1367
-917 1367
-916 707
-916 876
-916 931
-915 -240
-915 1363
-914 -136
-914 635
-914 1360
-913 -889
-913 192
-913 705
-913 1050
-913 1198
-913 1209
-913 1344
-913 1356
-912 808
-912 1311
-912 1345
-912 1347
-912 1350
-912 1353
-911 878
-911 1203
-911 1413
-909 -387
-909 608
-909 701
-909 921
-907 879
-907 1121
-907 1304
-906 -138
-906 164
-905 808
-904 583
-904 696
-902 -887
-902 879
-902 1295
-901 836
-900 -520
-900 132
-900 908
-899 561
-899 690
-898 805
-898 1125
-898 1284
-897 -139
-897 1040
-895 -886
-895 545
-895 684
-895 879
-895 1272
-895 1412
-893 -399
-893 96
-893 897
-892 -885
-892 537
-892 676
-891 537
-891 1133
-891 1257
-890 -247
-890 540
-890 666
-890 880
-889 -884
-889 -141
-889 546
-889 800
-889 890
-888 554
-888 655
-887 564
-887 576
-887 641
-887 882
-887 885
-886 -997
-886 54
-886 589
-886 604
-886 624
-886 1145
-886 1229
-885 -883
-885 -834
-884 1411
-883 1161
-883 1204
-882 -143
-882 1181
-881 -967
-881 -188
-881 -186
-881 -186
-881 -185
-881 21
-881 1030
-880 -883
-880 -184
-880 835
-879 -314
-879 -191
-879 791
-878 -194
-878 -183
-876 -412
-876 -254
-876 -182
-876 -10
-876 1408
-875 -199
-875 -145
-875 426
-875 429
-875 434
-873 -182
-873 423
-873 440
-872 -882
-872 -203
-871 -39
-871 387
-871 387
-871 422
-871 447
-871 1405
-870 -322
-870 -182
-870 -146
-870 371
-870 394
-870 399
-869 455
-868 -260
-868 -209
-868 401
-868 780
-868 1400
-867 -522
-867 -182
-867 348
-867 421
-867 1394
-866 -66
-866 399
-866 466
-865 -267
-865 -148
-865 1019
-864 -214
-864 -183
-863 -882
-863 -272
-863 421
-863 481
-862 -89
-862 321
-862 395
-861 -328
-861 -277
-861 -149
-861 771
-861 1364
-860 -219
-860 -184
-859 -108
-859 421
-859 499
-858 -283
-857 -150
-857 387
-856 -186
-856 -122
-856 291
-855 -969
-855 -288
-855 421
-855 764
-855 1330
-854 -882
-854 -150
-854 -130
-854 519
-854 833
-853 -335
-853 -189
-853 -137
-852 -293
-852 -149
-852 -146
-852 -142
-851 -430
-851 376
-850 -193
-850 262
-850 420
-849 -1001
-849 541
-849 760
-849 1010
-849 1296
-848 -831
-848 -298
-847 -198
-847 1138
-847 1144
-847 1149
-846 419
-846 1131
-846 1153
-845 -340
-845 -203
-845 563
-845 758
-845 1125
-844 -303
-844 -209
-844 237
-844 360
-844 1118
-844 1156
-843 -883
-843 -216
-843 1110
-842 1158
-842 1262
-841 -524
-841 418
-841 757
-841 1101
-840 -307
-840 178
-840 587
-840 587
-840 1092
-839 -345
-839 -246
-839 173
-839 181
-839 217
-839 1083
-839 1159
-838 167
-838 167
-838 184
-837 349
-837 759
-837 1074
-836 187
-836 417
-836 1066
-836 1232
-835 609
-835 1159
-834 -348
-834 -313
-834 206
-834 832
-834 1000
-834 1055
-833 -969
-833 146
-833 188
-833 204
-833 762
-832 -883
-832 -445
-832 416
-832 1047
-832 1159
-831 204
-831 630
-831 1041
-831 1206
-830 -350
-830 336
-829 -321
-829 204
-829 1160
-828 -351
-828 189
-828 414
-828 767
-828 1037
-827 205
-827 1162
-827 1187
-826 106
-826 649
-826 1035
-825 -328
-825 207
-825 1164
-825 1177
-824 1166
-824 1169
-824 1173
-823 -526
-823 -350
-823 189
-823 210
-823 666
-823 772
-823 1035
-822 -335
-822 323
-822 412
-821 -346
-821 -341
-821 214
-821 525
-821 538
-821 992
-820 506
-820 1036
-819 -1004
-819 218
-819 680
-818 412
-818 775
-817 -828
-817 -457
-817 54
-817 189
-817 479
-817 544
-817 690
-816 226
-816 830
-816 1039
-815 -969
-815 -884
-815 414
-815 457
-815 697
-814 -527
-813 187
-813 309
-813 418
-813 427
-813 439
-813 699
-813 777
-813 1041
-812 231
-811 1405
-811 1405
-811 1410
-810 1414
-809 185
-809 697
-809 985
-809 1043
-809 1418
-808 235
-808 545
-808 778
-808 1393
-808 1422
-807 -529
-807 -3
-807 1425
-806 -468
-806 1042
-805 182
-805 1427
-804 296
-803 1040
-803 1429
-802 -886
-802 -529
-802 177
-802 236
-802 777
-802 1429
-801 -969
-801 -688
-801 -685
-800 -682
-800 171
-800 1037
-800 1377
-799 -697
-799 -679
-799 829
-799 980
-798 -675
-798 -529
-798 -477
-798 164
-798 693
-798 1031
-797 -1006
-797 -61
-796 -672
-796 155
-795 -527
-795 775
-794 -825
-794 -669
-794 -486
-794 146
-794 236
-794 283
-794 541
-794 1023
-793 -710
-793 -524
-792 -887
-792 -666
-792 -519
-792 -494
-791 -512
-791 -503
-791 138
-791 976
-791 1014
-789 -967
-789 -663
-789 -663
-789 -110
-789 470
-789 474
-789 1006
-788 132
-788 1360
-787 -661
-787 463
-787 463
-787 999
-786 460
-786 477
-786 771
-786 974
-785 -725
-785 127
-785 271
-785 456
-785 993
-784 -1008
-784 -890
-784 -658
-784 234
-784 451
-784 686
-784 828
-784 987
-783 -147
-783 447
-783 974
-783 975
-783 978
-783 982
-782 438
-782 442
-782 478
-781 -656
-781 -165
-781 -163
-781 30
-781 43
-781 430
-781 434
-781 1262
-781 1264
-780 -965
-780 19
-780 61
-780 123
-780 421
-780 1247
-780 1416
-779 -824
-779 -655
-779 -166
-779 12
-779 1264
-778 413
-777 -894
-777 6
-777 76
-777 1264
-776 -1115
-776 -1112
-776 -1109
-776 -742
-776 -653
-776 -168
-776 261
-776 1226
-775 -1117
-775 -1106
-775 -1106
-775 477
-775 765
-774 -652
-774 2
-774 120
-774 1262
-774 1342
-773 -1119
-773 -1103
-773 -962
-773 -206
-773 -169
-773 86
-773 404
-773 533
-772 -1101
-772 -651
-772 229
-772 826
-771 -1120
-771 -899
-771 -65
-771 -57
-770 -1099
-770 -1010
-770 -651
-770 -74
-770 -51
-770 0
-770 1201
-770 1260
-769 -1121
-769 -170
-769 678
-768 -1097
-768 -46
-768 397
-767 -656
-767 -83
-767 117
-767 250
-766 -1121
-766 -1096
-766 -958
-766 -906
-766 -757
-766 -246
-766 -246
-766 94
-766 1257
-765 -43
-765 474
-764 -1096
-764 -255
-764 -170
-764 -1
-763 1175
-762 -1096
-762 -670
-762 -267
-762 -91
-762 825
-761 -914
-761 -914
-761 389
-761 1254
-760 -1120
-760 -1097
-760 -953
-760 -280
-760 -42
-760 241
-759 -1011
-759 -171
-759 115
-758 98
-758 1326
-757 -923
-757 -769
-757 -690
-757 -295
-757 -1
-756 -1118
-756 -1100
-756 -948
-756 223
-756 825
-756 1150
-756 1249
-755 -310
-755 -98
-754 -930
-754 -171
-754 234
-753 -1116
-753 -1104
-753 -944
-753 -712
-753 -41
-753 383
-753 470
-753 670
-753 824
-752 -1112
-752 -1011
-752 -936
-752 -326
-752 -1
-752 222
-752 820
-752 823
-751 -1108
-751 -940
-751 228
-751 816
-751 1244
-750 -777
-750 222
-750 1129
-749 -341
-749 224
-749 811
-748 -736
-748 -155
-748 806
-747 -1009
-747 -356
-747 -156
-747 -153
-747 98
-747 799
-746 -779
-746 -756
-746 -171
-746 -104
-746 -1
-746 792
-746 1239
-745 -158
-745 -152
-744 -771
-744 -42
-744 112
-744 378
-744 521
-744 785
-744 1114
-743 -1006
-743 -379
-743 1312
-742 -1000
-742 1234
-741 -993
-741 -983
-741 -170
-741 -161
-741 -152
-741 -2
-740 -970
-740 1109
-739 -396
-739 463
-739 663
-738 748
-738 1108
-738 1229
-737 -170
-737 -164
-737 1106
-736 -959
-736 -108
-735 -410
-735 -169
-735 -166
-735 -151
-735 -3
-735 95
-735 375
-735 1103
-735 1225
-734 -267
-734 -167
-734 1098
-733 1092
-733 1221
-732 -818
-732 110
-732 1086
-732 1218
-731 -950
-731 -43
-731 1053
-731 1063
-731 1071
-731 1079
-731 1213
-731 1215
-731 1383
-730 -421
-730 -4
-730 1042
-730 1302
-729 -857
-729 458
-729 1030
-729 1209
-728 -869
-728 -151
-728 373
-728 514
-728 657
-728 1017
-727 -879
-727 1005
-726 993
-726 1205
-725 -886
-725 -280
-725 -5
-725 981
-724 -430
-724 -110
-724 110
-723 -943
-723 373
-723 654
-723 1201
-722 650
-722 965
-721 -891
-721 -401
-721 -6
-721 454
-720 -399
-720 -151
-720 89
-720 89
-720 952
-719 373
-719 642
-719 1150
-719 1197
-719 1299
-718 -409
-718 112
-718 1146
-718 1153
-717 -397
-717 -7
-717 941
-717 1141
-716 -894
-716 -44
-716 183
-716 376
-716 507
-716 628
-716 1137
-716 1155
-716 1298
-715 -438
-715 -293
-715 -152
-715 116
-715 449
-715 1133
-714 146
-714 381
-714 1157
-714 1192
-713 -937
-713 123
-713 133
-713 1127
-713 1297
-712 -395
-712 -111
-712 80
-712 387
-712 611
-712 932
-712 1121
-711 396
-711 444
-710 -896
-710 -418
-710 -153
-710 408
-710 1115
-710 1158
-709 -6
-709 420
-709 438
-709 1109
-709 1187
-708 -111
-708 430
-708 1296
-707 -154
-707 499
-707 590
-707 1103
-706 -393
-706 924
-706 1098
-705 -305
-705 -169
-705 -165
-705 -156
-705 -44
-705 66
-705 1159
-704 -173
-704 -112
-704 1092
-704 1182
-704 1294
-703 -447
-703 -162
-703 -159
-703 2
-702 -934
-702 566
-701 -898
-701 -640
-701 -637
-701 -636
-701 -176
-701 50
-701 1087
-700 -647
-700 -114
-700 15
-700 488
-699 -635
-699 32
-699 1159
-699 1291
-698 -657
-698 -428
-698 -390
-698 916
-698 1081
-697 -634
-697 -115
-697 -41
-697 540
-696 -669
-696 -179
-696 475
-695 -118
-695 1175
-694 -633
-694 -317
-694 1076
-694 1288
-693 -685
-693 -120
-693 457
-692 -123
-692 435
-692 1160
-691 -126
-691 390
-691 407
-691 512
-690 -701
-690 -632
-690 -134
-690 -36
-690 377
-690 789
-690 792
-690 795
-690 797
-690 1071
-689 -899
-689 -388
-689 -182
-689 367
-689 785
-689 799
-689 1285
-688 -932
-688 -457
-688 -139
-688 781
-688 799
-688 908
-688 1169
-687 358
-687 777
-687 777
-686 -720
-686 -631
-686 -25
-686 1160
-685 484
-685 1067
-685 1281
-684 -438
-684 -141
-684 351
-684 1165
-683 -328
-683 -9
-683 1014
-683 1020
-683 1024
-683 1161
-683 1163
-682 -739
-682 -528
-682 756
-682 1010
-682 1027
-681 -694
-681 -631
-681 346
-681 1006
-680 -185
-680 -140
-680 795
-680 1002
-680 1030
-680 1063
-679 -386
-679 14
-679 457
-678 -704
-678 -687
-678 999
-678 1275
-677 996
-677 1031
-676 -631
-676 -137
-676 44
-676 342
-676 994
-676 1439
-675 -901
-674 59
-674 718
-674 899
-674 992
-674 1060
-673 -933
-673 -338
-673 431
-673 991
-673 1269
-672 -131
-672 71
-672 183
-672 1032
-671 131
-671 135
-671 138
-670 -1089
-670 -798
-670 -683
-670 -446
-670 80
-670 129
-670 140
-670 338
-669 -1095
-669 -1080
-669 -718
-669 -384
-669 126
-669 142
-669 1260
-668 -188
-668 -123
-668 86
-668 124
-668 144
-668 408
-667 90
-667 122
-667 145
-666 -1098
-666 1032
-666 1248
-665 -1067
-665 -1067
-665 -934
-665 -901
-665 -113
-665 90
-665 120
-665 145
-665 893
-664 -1064
-664 -346
-664 387
-664 667
-664 987
-663 -105
-663 88
-663 119
-663 145
-663 335
-663 1233
-663 1337
-662 -1061
-662 -841
-662 -632
-662 -508
-661 -1096
-661 -98
-661 84
-661 119
-661 144
-661 1213
-660 370
-660 785
-659 -1058
-659 -936
-659 -94
-659 79
-659 119
-659 143
-659 1032
-658 -898
-658 333
-658 1188
-657 -1056
-657 -870
-657 73
-657 120
-657 141
-657 358
-657 983
-656 -888
-656 -683
-656 -453
-656 -90
-656 66
-656 121
-656 139
-656 887
-656 1156
-655 -1092
-655 -737
-655 -352
-655 57
-655 332
-655 350
-654 -1054
-654 -938
-654 49
-654 122
-654 137
-653 -192
-653 40
-653 123
-653 135
-653 332
-653 343
-652 -88
-652 22
-652 22
-652 31
-652 125
-652 133
-652 334
-652 338
-652 609
-651 -1052
-651 -941
-651 11
-651 127
-651 128
-651 128
-651 130
-651 977
-650 -989
-650 -980
-650 1
-649 -995
-649 -969
-649 -959
-649 -945
-649 -7
-649 1049
-648 -1083
-648 -1051
-648 -951
-648 -635
-648 -88
-648 882
-647 -999
-647 -13
-646 -823
-646 970
-646 1415
-646 1415
-645 -1051
-644 -827
-644 -457
-644 -19
-643 -1000
-643 -819
-642 -487
-642 -88
-641 -1070
-641 -1051
-641 -194
-641 -24
-641 878
-641 961
-640 -932
-640 547
-639 -927
-638 -1065
-638 -1052
-638 -938
-638 1409
-637 -999
-636 -1061
-636 -1058
-636 -1055
-636 -1053
-636 -831
-636 -759
-636 -684
-636 -457
-636 -28
-636 950
-635 -944
-635 -920
-635 -89
-634 -815
-634 -640
-634 874
-633 -456
-632 937
-632 1404
-631 -31
-631 1030
-631 1130
-631 1168
-630 -995
-630 -453
-630 -197
-630 770
-629 -951
-629 -912
-629 871
-629 1197
-628 -449
-628 -90
-628 182
-628 487
-628 921
-627 -34
-626 -445
-626 1218
-626 1401
-626 1439
-625 870
-625 910
-624 -834
-624 -686
-624 -440
-623 -90
-623 -37
-623 901
-622 -435
-622 869
-622 1399
-621 -903
-621 -647
-621 -430
-621 -424
-621 -415
-621 870
-621 892
-620 -990
-620 -960
-620 -408
-620 873
-620 878
-620 884
-620 1231
-619 -90
-619 -41
-618 -813
-618 -403
-618 -200
-618 1398
-617 -46
-617 433
-616 -376
-616 -88
-615 1399
-614 -687
-614 -400
-614 -51
-613 -85
-613 -56
-613 1401
-612 -81
-612 1237
-611 -75
-611 -68
-611 -62
-611 1404
-609 -654
-609 -463
-609 390
-608 -457
-608 1438
-607 -837
-607 -398
-607 -203
-606 -687
-605 -468
-605 63
-605 1409
-604 -891
-603 359
-602 -453
-601 1236
-600 -686
-600 -661
-600 37
-599 -979
-598 -474
-598 -206
-597 -397
-597 336
-596 -685
-595 11
-594 750
-593 -683
-593 -669
-593 -451
-593 1408
-593 1436
-592 -680
-592 659
-591 -810
-591 -676
-591 320
-590 517
-590 541
-589 -479
-589 -208
-589 -17
-589 491
-588 466
-587 442
-587 1283
-586 -838
-586 312
-586 419
-586 1231
-585 -534
-584 -396
-584 -44
-584 398
-583 -211
-583 380
-582 -451
-582 312
-581 -883
-581 366
-579 -70
-579 321
-579 339
-579 1402
-578 -483
-578 -213
-578 1432
-574 -215
-574 -94
-570 -452
-570 -216
-569 -116
-569 199
-569 205
-569 210
-568 193
-568 214
-567 -487
-567 -217
-567 217
-567 1220
-566 -396
-566 187
-566 218
-565 -535
-565 -134
-564 176
-564 219
-563 -218
-563 659
-563 1393
-563 1423
-562 -149
-561 159
-561 218
-560 -218
-559 -164
-558 -455
-557 -489
-557 -218
-557 659
-556 -881
-556 -178
-556 136
-555 -218
-555 -190
-554 -217
-554 217
-553 -214
-553 -208
-553 -200
-552 728
-552 1209
-551 361
-551 365
-551 365
-551 368
-550 -460
-550 108
-550 359
-550 370
-550 657
-549 -489
-549 356
-549 372
-548 354
-548 374
-548 1382
-547 -536
-547 352
-547 375
-547 1410
-545 -466
-545 -466
-545 214
-545 350
-545 375
-544 -840
-544 -487
-544 76
-543 -486
-543 -484
-543 -473
-543 -470
-543 349
-543 375
-542 -482
-542 -479
-542 -476
-542 655
-541 -974
-541 349
-541 374
-540 -975
-540 -973
-539 349
-539 373
-539 1198
-538 -976
-538 -973
-537 40
-537 350
-537 371
-536 351
-536 369
-535 653
-535 1370
-534 -977
-534 -972
-534 -623
-534 210
-534 352
-534 367
-533 353
-533 365
-532 355
-532 363
-531 -882
-531 357
-531 358
-531 360
-530 -537
-530 3
-528 -979
-527 650
-527 1186
-527 1343
-527 1358
-527 1391
-526 1349
-525 1337
-524 816
-523 813
-523 825
-522 -36
-521 -980
-521 840
-521 1330
-520 206
-520 646
-519 -971
-519 860
-518 809
-518 1174
-517 883
-515 907
-514 -537
-514 643
-514 1322
-513 931
-512 -396
-512 952
-511 969
-511 1229
-510 -619
-510 -619
-510 1049
-510 1161
-509 -843
-509 802
-509 1004
-509 1041
-509 1041
-509 1054
-508 638
-508 1038
-507 -500
-507 -496
-507 -494
-507 703
-507 1057
-506 -888
-506 -503
-506 -491
-506 143
-506 145
-506 1034
-505 -967
-505 -642
-505 -488
-505 -438
-505 147
-505 201
-505 1147
-504 -506
-504 -483
-504 -446
-504 1313
-503 -477
-503 -471
-503 -463
-503 -455
-503 140
-503 1031
-503 1058
-502 -619
-502 -537
-502 1132
-501 -983
-501 -510
-501 148
-501 1366
-500 633
-500 1028
-500 1100
-500 1107
-500 1117
-499 137
-499 1095
-498 -513
-498 795
-498 970
-498 1093
-497 1093
-496 1025
-496 1057
-495 -516
-495 132
-495 962
-495 1095
-494 -649
-494 149
-493 -963
-493 -620
-493 1099
-492 -537
-492 629
-492 954
-491 -519
-491 124
-491 1023
-490 1105
-490 1301
-489 195
-488 -522
-488 114
-488 882
-488 948
-488 1055
-486 149
-486 873
-486 889
-486 1022
-486 1110
-485 -898
-485 -654
-485 -623
-485 -536
-485 -524
-485 -225
-485 100
-485 786
-484 625
-484 892
-483 -984
-483 -527
-483 82
-483 942
-483 1115
-482 -957
-482 -535
-482 -530
-482 863
-482 893
-481 -534
-481 -532
-481 60
-481 1021
-480 -846
-479 32
-479 894
-478 937
-478 1119
-477 -658
-477 -627
-477 -1
-476 265
-476 853
-476 1020
-476 1050
-475 -33
-475 623
-475 894
-474 149
-473 -950
-473 -60
-473 189
-473 1288
-472 425
-472 457
-472 932
-472 1122
-471 -660
-471 -633
-471 487
-471 893
-470 -911
-470 -84
-470 515
-470 1018
-470 1332
-469 539
-469 777
-468 844
-467 -983
-467 -943
-467 -660
-467 -104
-467 560
-467 891
-466 -639
-466 576
-466 928
-465 149
-465 587
-465 621
-465 1017
-465 1124
-464 -935
-464 -659
-464 -121
-464 592
-463 -927
-463 1043
-462 -657
-462 -646
-462 888
-461 -653
-461 -135
-461 594
-461 677
-461 837
-461 1324
-460 1015
-459 925
-458 -849
-457 -147
-457 148
-456 183
-456 594
-456 885
-456 1040
-456 1126
-455 1013
-454 -981
-454 620
-453 833
-452 -156
-452 767
-452 1273
-452 1315
-451 478
-451 882
-450 476
-450 483
-450 592
-450 1011
-450 1036
-449 -378
-449 147
-449 474
-449 921
-448 -396
-448 -364
-447 487
-447 1009
-446 -234
-446 472
-446 833
-446 879
-446 1127
-446 1181
-445 -354
-445 -167
-445 1032
-444 -420
-444 1007
-443 490
-443 833
-442 -977
-442 376
-442 470
-442 589
-442 878
-442 1305
-441 -853
-441 145
-441 916
-440 -347
-440 177
-440 364
-440 385
-440 620
-440 833
-440 1004
-440 1028
-439 -450
-438 1003
-437 -236
-437 350
-437 391
-437 467
-437 492
-437 832
-437 876
-437 1023
-436 1002
-435 -177
-435 143
-434 584
-434 757
-434 829
-434 876
-434 910
-434 1002
-434 1019
-433 -971
-433 -342
-433 1004
-433 1128
-432 825
-432 1005
-432 1015
-432 1296
-431 -488
-431 334
-431 396
-431 465
-431 493
-431 876
-431 1008
-431 1012
-430 -858
-430 821
-429 140
-429 250
-429 904
-428 -340
-428 -237
-428 327
-428 815
-428 877
-427 878
-426 -964
-426 172
-426 808
-426 1254
-425 321
-425 463
-425 578
-425 897
-424 -186
-424 137
-424 621
-424 801
-424 884
-424 891
-424 1128
-423 -863
-423 -338
-423 492
-422 317
-422 398
-421 -955
-421 -873
-421 -869
-421 134
-421 134
-421 794
-421 1287
-420 -878
-420 -239
-419 -950
-419 -541
-419 314
-419 461
-418 -883
-418 -336
-418 129
-417 -888
-417 787
-416 -946
-416 122
-416 490
-416 571
-416 652
-415 312
-415 1129
-414 -941
-414 -893
-413 113
-413 168
-413 245
-412 -899
-412 -335
-412 -193
-412 781
-411 -938
-411 -241
-411 311
-411 1279
-410 102
-410 399
-410 459
-409 -904
-409 487
-408 -935
-407 89
-407 311
-407 563
-407 1129
-406 -933
-406 -909
-406 -334
-406 775
-406 1239
-405 76
-404 485
-404 559
-403 -931
-403 -243
-403 164
-403 456
-402 -913
-402 61
-402 241
-402 312
-401 -931
-401 46
-401 399
-401 554
-401 1271
-400 -918
-400 -333
-400 -198
-400 484
-400 1130
-400 1147
-399 -931
-399 30
-399 769
-398 -929
-398 -922
-398 549
-397 -927
-397 -925
-397 12
-397 453
-396 313
-396 484
-396 542
-395 -244
-394 -333
-394 -8
-394 161
-394 400
-394 486
-394 535
-394 1131
-393 237
-393 490
-392 313
-392 449
-392 495
-392 528
-392 1264
-391 -662
-391 -656
-391 -656
-391 -648
-391 -643
-391 -29
-391 503
-391 513
-391 520
-391 1226
-390 -667
-390 -639
-390 -201
-390 764
-389 -672
-389 -432
-389 -415
-389 -334
-389 -246
-389 401
-389 445
-389 1131
-388 -50
-388 160
-388 232
-388 312
-387 -675
-387 -637
-387 -400
-386 -448
-386 159
-386 310
-386 439
-386 1132
-385 -71
-385 160
-385 403
-384 -678
-384 -637
-384 162
-384 226
-384 433
-384 1133
-383 -387
-383 -247
-383 -90
-383 166
-383 170
-383 307
-383 407
-383 426
-382 -464
-382 -334
-382 176
-382 219
-382 303
-382 412
-382 418
-381 -679
-381 -201
-381 182
-381 190
-381 197
-381 210
-381 759
-381 1215
-380 -108
-380 297
-379 -640
-379 290
-378 -681
-377 -333
-377 -125
-377 276
-376 -478
-376 -377
-376 -249
-376 -141
-374 -681
-374 -198
-374 -155
-374 1204
-373 -332
-373 -194
-373 -188
-373 -179
-373 -168
-373 268
-373 1252
-372 -374
-371 -643
-371 -251
-369 -371
-369 -329
-369 265
-368 -814
-368 -488
-368 1192
-367 -323
-367 -254
-366 -821
-366 624
-365 -368
-365 -316
-365 87
-365 1177
-364 -807
-364 -306
-364 -258
-364 45
-364 268
-363 -294
-363 -264
-362 -649
-362 -281
-362 -271
-361 -833
-361 -680
-361 -493
-361 -366
-361 126
-361 749
-361 1159
-358 -1019
-358 1245
-357 -1006
-357 -853
-357 -365
-357 276
-356 -801
-356 -7
-355 -1030
-355 1131
-354 -364
-353 -877
-352 -990
-352 -678
-352 -655
-351 -363
-351 168
-350 -903
-350 290
-350 1108
-349 -1038
-349 -975
-349 -498
-348 -955
-348 -930
-348 -364
-347 1244
-346 -675
-346 -661
-346 743
-345 -366
-344 -795
-344 -76
-344 1087
-343 -671
-343 -666
-342 309
-341 -370
-341 646
-341 655
-341 667
-341 707
-340 -541
-340 640
-338 -1044
-338 636
-338 1070
-338 1250
-337 -376
-337 634
-336 -501
-335 221
-335 740
-334 334
-334 634
-333 1262
-332 1056
-331 -385
-331 636
-329 -789
-329 830
-329 843
-329 1283
-328 742
-328 815
-327 855
-327 1311
-327 1349
-326 -167
-326 639
-326 798
-326 1375
-326 1396
-325 -395
-325 1412
-324 -968
-324 748
-324 776
-324 867
-324 1042
-323 -1048
-323 759
-323 1423
-322 -988
-321 -941
-321 -503
-321 1431
-320 879
-320 1060
-319 1056
-319 1066
-318 -406
-318 389
-318 1436
-317 -1002
-317 1053
-317 1073
-316 1030
-315 -906
-314 892
-314 1051
-314 1438
-313 291
-312 642
-312 1097
-311 -784
-311 -418
-310 48
-310 54
-309 -542
-309 41
-309 41
-309 59
-309 1050
-309 1439
-308 -264
-308 36
-308 63
-307 -1013
-307 31
-307 907
-307 1126
-306 -863
-306 -505
-306 26
-306 66
-306 447
-306 862
-306 866
-306 1017
-305 857
-304 -430
-304 -430
-304 22
-304 68
-304 869
-303 -1050
-303 851
-303 1049
-303 1158
-303 1438
-302 19
-302 627
-302 872
-301 843
-300 -850
-300 16
-300 69
-299 503
-299 1192
-299 1436
-298 15
-298 874
-297 -443
-297 163
-297 344
-296 14
-296 69
-296 158
-296 160
-296 165
-296 596
-296 929
-296 1005
-296 1228
-296 1431
-295 168
-295 554
-295 827
-294 -335
-294 15
-294 156
-294 876
-294 1049
-294 1422
-293 -1020
-293 -504
-293 172
-293 1264
-293 1409
-292 -455
-292 16
-292 69
-292 154
-292 1301
-292 1391
-291 1337
-291 1367
-290 -780
-290 19
-290 175
-290 175
-290 809
-289 68
-289 153
-289 946
-289 993
-288 -838
-288 22
-287 153
-286 -467
-286 26
-286 66
-285 31
-285 153
-285 181
-284 -384
-284 36
-284 63
-284 395
-284 788
-284 960
-284 983
-283 -544
-283 -503
-283 41
-283 59
-283 972
-282 -477
-282 48
-282 54
-282 154
-280 156
-280 184
-280 882
-280 1048
-279 -485
-279 764
-278 -1051
-278 158
-277 -492
-277 -415
-277 185
-276 -499
-276 -497
-276 161
-275 164
-274 -1026
-274 184
-274 740
-273 444
-272 171
-272 177
-272 182
-271 -827
-271 -433
-270 713
-268 888
-268 1045
-266 -777
-266 -440
-265 491
-265 686
-262 -549
-262 658
-261 245
-261 251
-260 -441
-260 242
-260 258
-260 536
-259 -208
-259 896
-259 1040
-258 -215
-258 -211
-258 -205
-258 -203
-258 -201
-258 242
-258 268
-258 579
-258 619
-257 -219
-257 -201
-256 -1051
-256 -223
-256 -223
-256 279
-253 -1032
-253 -441
-252 -775
-252 -242
-252 247
-252 293
-252 906
-252 1033
-249 -817
-248 -208
-248 308
-248 308
-247 -556
-247 -266
-247 918
-247 1022
-246 257
-244 932
-244 1008
-243 323
-242 949
-242 990
-241 -1049
-241 -294
-241 969
-240 272
-240 1174
-240 1183
-240 1194
-239 -774
-239 -227
-239 1168
-239 1208
-238 -1037
-238 336
-238 1164
-238 1225
-236 -446
-236 1162
-236 1240
-235 -566
-235 -323
-235 346
-235 1257
-234 290
-234 1162
-234 1276
-233 1295
-232 1314
-232 1333
-231 -1047
-231 353
-231 1351
-231 1367
-231 1367
-231 1384
-230 -1041
-230 -350
-230 -255
-230 1399
-230 1412
-229 308
-228 358
-228 1422
-227 -1044
-227 -772
-227 -578
-226 360
-226 1430
-225 -374
-225 326
-224 -808
-224 360
-224 1179
-224 1435
-223 -594
-223 343
-223 356
-222 -391
-222 1438
-221 -619
-221 -612
-221 -400
-221 -399
-221 -287
-220 -626
-220 -459
-220 -401
-219 -400
-219 1439
-218 -632
-218 -400
-217 -398
-217 1212
-216 -771
-216 -639
-215 -396
-214 -644
-214 -320
-213 -394
-212 -391
-211 -649
-211 1257
-211 1428
-210 -351
-209 -376
-207 -770
-207 -653
-207 1307
-207 1398
-206 -480
-206 1356
-204 -657
-200 -768
-199 -660
-196 -800
-196 -665
-195 -767
-194 -509
-193 -766
-193 -670
-192 -765
-192 -761
-191 -756
-190 -750
-190 -677
-189 -743
-189 -735
-189 -685
-188 -726
-188 -716
-188 -704
-188 -694
-184 -544
-176 -585
-171 -632
-168 -683
-167 -736
-167 -713
-166 -795
-165 -753
-163 -764
-160 -771
-155 -774
-149 -776
-141 -776
-135 -792
-134 -776
-132 -791
-128 -789
-128 -775
-124 -773
-123 -785
-121 -771
-120 -734
-120 -727
-119 -766
-119 -743
-119 -721
-118 -761
-118 -753
-118 -717
-117 -781
-116 -714
-112 -712
-110 -776
-108 -711
-103 -770
-103 -711
-95 -764
-88 -757
-86 -712
-76 -745
-75 -713
-68 -735
-67 -716
-63 -727
-63 -721
20 -619
21 -600
22 -592
23 -639
25 -586
29 -658
29 -582
36 -578
38 -675
41 -629
43 -615
46 -643
46 -609
47 -575
49 -690
50 -605
54 -602
57 -655
59 -601
60 -700
61 -573
63 -602
68 -605
72 -706
72 -609
73 -667
75 -615
75 -615
76 -617
78 -620
81 -622
81 -570
84 -705
85 -623
87 -704
89 -624
90 -703
93 -704
93 -677
93 -624
95 -705
97 -706
98 -709
98 -624
99 -718
99 -715
99 -711
100 -721
101 -724
102 -726
103 -728
103 -624
105 -730
106 -731
107 -567
108 -731
110 -623
111 -732
114 -734
117 -738
117 -684
121 -743
122 -624
125 -750
126 -566
129 -757
133 -765
137 -773
139 -626
143 -689
144 -565
145 -789
153 -802
158 -628
161 -754
162 -742
163 -767
163 -564
164 -733
165 -812
165 -774
167 -779
169 -783
169 -725
172 -785
172 -691
174 -721
175 -787
178 -788
180 -564
181 -821
181 -720
181 -632
182 -788
182 -691
186 -787
187 -723
189 -786
193 -785
194 -731
194 -731
195 -733
195 -693
196 -785
196 -564
197 -735
199 -736
200 -785
201 -737
203 -737
204 -829
204 -786
205 -636
206 -737
207 -787
208 -736
209 -587
210 -788
210 -735
211 -695
211 -565
213 -790
213 -592
213 -584
214 -735
216 -791
222 -794
222 -735
225 -597
225 -567
226 -581
229 -699
230 -796
232 -641
233 -737
235 -837
237 -569
239 -798
243 -602
246 -580
248 -739
249 -702
250 -800
259 -646
262 -802
265 -743
269 -707
269 -607
275 -804
277 -845
284 -747
284 -579
288 -805
291 -712
296 -653
301 -613
303 -807
305 -751
312 -717
319 -810
327 -757
327 -659
332 -856
337 -813
340 -618
344 -725
350 -859
355 -817
355 -663
357 -764
369 -863
370 -731
373 -621
374 -822
379 -666
379 -475
380 -467
381 -484
383 -461
384 -770
385 -494
388 -867
389 -456
391 -735
391 -504
391 -455
393 -826
393 -455
394 -455
396 -455
397 -456
398 -457
399 -461
399 -459
400 -623
400 -516
401 -668
401 -466
405 -871
406 -474
409 -775
409 -433
410 -737
411 -831
411 -528
411 -439
412 -564
412 -562
412 -424
413 -565
414 -562
415 -485
417 -567
418 -561
418 -442
420 -538
421 -668
422 -875
422 -623
422 -570
422 -413
423 -561
426 -500
427 -836
427 -545
427 -442
429 -737
429 -574
429 -561
431 -551
432 -560
433 -778
434 -577
434 -558
434 -555
435 -400
437 -879
439 -620
439 -580
440 -516
440 -439
441 -667
443 -584
447 -588
448 -736
449 -883
450 -616
451 -843
451 -591
452 -388
454 -595
454 -434
456 -610
456 -599
456 -534
457 -781
457 -603
459 -886
461 -666
469 -427
470 -849
470 -734
470 -376
471 -890
474 -554
481 -782
482 -893
482 -664
484 -417
487 -853
488 -366
493 -575
494 -894
496 -730
498 -406
499 -663
501 -854
504 -359
506 -895
507 -783
513 -727
513 -662
516 -854
516 -393
517 -356
520 -356
521 -894
523 -663
523 -609
523 -355
527 -352
528 -725
531 -350
532 -666
533 -853
534 -382
535 -346
536 -783
538 -892
539 -669
539 -343
542 -722
543 -338
547 -675
547 -334
552 -850
552 -373
552 -327
555 -719
555 -682
556 -649
558 -322
559 -889
559 -686
563 -319
564 -691
565 -717
568 -783
568 -696
570 -367
570 -317
572 -715
572 -700
575 -704
577 -845
577 -713
577 -707
578 -709
579 -711
579 -316
584 -884
588 -364
589 -316
591 -693
592 -842
592 -783
603 -317
606 -363
607 -839
611 -784
620 -836
620 -320
623 -365
624 -785
626 -739
632 -834
634 -788
635 -321
640 -370
641 -831
641 -791
646 -796
647 -322
649 -829
650 -802
650 -373
652 -806
653 -810
654 -828
655 -814
656 -818
657 -827
657 -825
657 -824
657 -821
658 -375
658 -323
660 -786
665 -376
668 -323
670 -868
672 -375
676 -322
678 -373
679 -650
680 -650
680 -648
682 -645
683 -320
684 -649
684 -369
687 -639
689 -646
689 -317
692 -832
692 -363
693 -632
693 -632
695 -314
695 -314
696 -642
697 -628
700 -355
701 -624
704 -637
705 -620
706 -910
706 -309
709 -617
709 -347
712 -632
713 -615
716 -613
716 -341
718 -627
719 -611
720 -927
720 -875
721 -611
722 -305
723 -622
724 -336
725 -612
726 -618
726 -614
731 -334
732 -938
739 -332
741 -302
744 -914
745 -945
747 -919
749 -333
751 -922
757 -923
760 -946
761 -334
764 -922
764 -302
773 -918
776 -336
778 -943
779 -596
779 -595
779 -595
781 -597
781 -593
784 -598
786 -911
786 -337
787 -591
788 -599
789 -303
792 -600
795 -591
797 -601
798 -339
802 -602
803 -934
803 -901
804 -591
808 -603
811 -340
814 -604
814 -592
815 -305
819 -604
822 -594
824 -888
824 -604
824 -342
828 -604
829 -596
831 -603
832 -602
833 -688
833 -687
833 -601
833 -599
835 -920
835 -685
836 -689
837 -343
840 -682
842 -690
843 -309
846 -679
849 -344
850 -690
851 -872
851 -676
855 -674
859 -671
861 -690
861 -344
862 -668
865 -666
867 -663
868 -660
869 -658
869 -658
869 -657
870 -655
870 -314
871 -655
871 -345
873 -655
875 -858
875 -690
876 -656
877 -900
878 -657
881 -659
881 -345
884 -661
885 -689
890 -346
892 -687
892 -668
894 -321
896 -674
897 -891
897 -684
898 -847
898 -679
898 -347
905 -348
911 -349
915 -883
915 -350
917 -331
918 -837
918 -351
919 -353
922 -358
930 -369
931 -877
937 -830
939 -341
943 -386
945 -872
954 -825
958 -869
958 -353
960 -408
968 -867
969 -131
969 -116
969 -96
970 -822
970 -141
971 -70
972 -146
972 -51
974 -365
974 -32
975 -149
976 -15
977 -866
979 -149
979 1
980 -434
982 16
984 -867
984 -821
985 -147
985 29
986 -377
989 -821
989 -94
989 -81
989 -66
989 40
990 -868
990 -103
990 -46
991 -403
991 -400
992 -405
992 -397
992 -387
992 -109
992 -27
993 -407
993 49
994 -819
994 -113
995 -869
995 -10
996 -409
997 -115
999 -818
999 -410
999 6
1000 -868
1000 -116
1001 63
1003 -411
1003 20
1004 -867
1004 -463
1005 -815
1005 -114
1008 -865
1008 -411
1008 -113
1009 30
1010 -812
1011 -862
1011 79
1012 -112
1013 -411
1014 -859
1014 37
1015 -809
1016 -136
1016 -111
1017 -854
1018 -413
1020 -805
1020 39
1021 -850
1021 -109
1022 -415
1022 38
1023 34
1023 94
1024 -801
1025 -108
1025 29
1026 -417
1026 22
1027 -844
1028 14
1029 -796
1029 4
1030 -495
1030 -421
1030 -108
1030 -7
1031 -19
1033 -425
1034 -107
1034 -76
1034 108
1036 -430
1037 -838
1037 -791
1037 -106
1038 -435
1040 -440
1043 -445
1045 -449
1045 120
1046 -12
1047 -786
1047 -126
1048 -831
1048 -453
1049 1
1050 -456
1052 -459
1052 15
1055 -461
1055 130
1056 28
1057 -462
1058 -780
1058 -530
1059 40
1060 -465
1061 -824
1063 51
1064 -103
1064 137
1066 -471
1067 61
1070 139
1071 -775
1071 70
1073 -479
1074 76
1075 -817
1076 137
1079 -118
1079 85
1080 132
1082 95
1082 125
1083 -491
1084 106
1084 116
1085 -769
1085 -100
1091 -809
1093 -573
1094 -504
1100 -764
1101 -95
1106 -519
1107 -802
1111 -112
1114 -89
1115 -759
1119 -536
1122 -609
1124 -795
1124 -80
1132 -553
1132 -69
1133 -754
1135 169
1135 171
1136 166
1138 173
1139 -54
1140 -788
1140 163
1142 -107
1142 175
1144 161
1145 -36
1146 -640
1149 -749
1149 176
1150 -57
1151 159
1152 -47
1153 -64
1153 -16
1154 -189
1154 -169
1155 -781
1155 -217
1156 -158
1156 -158
1158 -589
1158 -248
1158 -35
1158 178
1159 -155
1159 158
1160 -68
1161 -744
1161 -279
1162 -156
1164 -665
1164 -307
1166 -161
1166 8
1168 -327
1169 -774
1169 -169
1169 -20
1170 157
1170 180
1170 180
1171 -414
1171 -337
1172 -739
1172 -417
1172 -180
1172 -70
1174 -422
1174 -413
1174 -104
1175 -339
1175 -192
1177 -206
1178 -686
1178 -430
1178 -430
1178 -227
1178 -221
1179 -622
1180 -734
1180 -415
1180 -233
1181 -767
1181 -339
1181 -240
1181 33
1183 -247
1183 157
1184 -438
1184 0
1185 -254
1186 -729
1187 -701
1187 -337
1188 -262
1189 -419
1189 -71
1190 -724
1191 -761
1191 -268
1192 -719
1192 -712
1192 182
1193 -334
1194 -446
1194 -275
1196 -651
1197 -281
1197 57
1198 17
1198 158
1199 -756
1199 -331
1200 -287
1200 -71
1202 -293
1203 -751
1204 -426
1204 -326
1204 -299
1205 -103
1206 -455
1206 -304
1207 -678
1208 -321
1208 -309
1209 -316
1209 -313
1209 -70
1211 35
1212 -738
1213 -701
1213 78
1215 -721
1216 160
1217 -69
1219 183
1220 -463
1223 -436
1223 -67
1223 51
1228 -64
1228 95
1232 -60
1232 67
1234 -103
1235 -55
1236 -471
1236 162
1237 -443
1238 -49
1239 104
1240 -42
1240 81
1242 -37
1244 -34
1245 92
1246 -33
1246 105
1247 -35
1247 101
1249 -38
1249 183
1250 -448
1251 -44
1253 -477
1253 -52
1253 164
1259 52
1260 51
1260 59
1261 -76
1261 52
1262 -452
1263 54
1263 67
1266 58
1267 76
1268 -51
1269 -726
1269 -726
1269 -723
1269 63
1269 166
1270 -720
1270 -483
1271 -718
1272 -746
1273 -716
1273 69
1273 87
1275 -456
1275 -26
1276 -714
1277 76
1278 -712
1280 98
1281 -768
1281 -711
1282 83
1282 182
1283 -49
1283 167
1284 -711
1287 -711
1287 -59
1288 -487
1288 109
1289 -458
1289 43
1290 -713
1290 -272
1290 -257
1290 48
1291 -302
1291 -288
1291 -241
1291 -66
1291 42
1291 98
1292 -221
1293 -715
1293 -316
1293 -203
1293 56
1294 -489
1294 -328
1294 45
1295 -792
1295 -718
1295 -188
1296 -338
1296 -69
1296 168
1297 -721
1297 121
1298 -725
1298 -691
1298 -345
1298 -175
1299 -735
1299 -730
1299 67
1300 52
1301 -491
1301 -163
1301 -68
1302 -354
1303 -752
1303 -460
1304 113
1306 -361
1306 -153
1306 81
1307 -493
1307 64
1307 131
1308 -64
1308 168
1310 -366
1311 -143
1311 87
1312 137
1313 -816
1313 -770
1313 -496
1314 -661
1315 -369
1315 -55
1316 94
1316 143
1316 168
1317 -151
1317 -133
1317 -133
1317 126
1317 180
1318 -498
1319 -461
1319 -106
1320 83
1320 148
1321 -644
1322 -370
1322 101
1322 167
1323 -501
1323 153
1324 -193
1325 -203
1325 -42
1325 157
1326 -185
1326 161
1326 164
1326 166
1327 -623
1327 -504
1327 -121
1329 -791
1329 -214
1329 108
1330 -507
1330 -179
1330 -71
1331 -678
1331 138
1332 -600
1332 -370
1332 98
1333 -840
1333 -126
1334 -517
1334 -111
1335 -576
1335 -225
1336 -533
1336 -461
1336 -53
1336 115
1337 -553
1337 -25
1338 -174
1339 -289
1339 -286
1339 -283
1340 -292
1340 -280
1340 -114
1340 -105
1341 -674
1341 -294
1341 -278
1342 -235
1342 -40
1343 -297
1343 -275
1343 121
1344 -369
1344 -106
1344 -102
1344 111
1346 -298
1346 -274
1346 -102
1346 147
1347 -31
1348 -461
1348 -300
1348 -272
1348 -172
1348 -145
1349 -669
1350 -812
1351 -301
1351 -271
1351 -245
1351 -27
1351 127
1354 -301
1354 -271
1354 -28
1354 177
1355 -862
1355 -665
1357 -301
1357 -271
1357 -143
1357 -33
1357 120
1358 -43
1358 132
1359 -658
1359 -66
1359 -58
1359 154
1360 -461
1360 -300
1360 -272
1360 -171
1360 -74
1361 -650
1361 -368
1361 -82
1362 -298
1362 -274
1362 -253
1363 -639
1363 -89
1364 -624
1364 -297
1364 -275
1364 -96
1365 -605
1365 -593
1365 -143
1365 136
1366 -294
1366 -278
1367 -579
1367 -101
1367 22
1368 -566
1368 -292
1368 -280
1369 -289
1369 -286
1369 -286
1369 -283
1369 -105
1371 -552
1371 -462
1371 -108
1371 126
1371 140
1371 157
1372 -173
1372 -144
1373 -833
1373 -723
1373 -539
1373 -260
1373 -17
1374 -718
1374 -718
1375 -726
1375 144
1376 -715
1376 -527
1376 -111
1377 -36
1378 -880
1378 -728
1379 -713
1379 -516
1379 -146
1379 148
1380 -462
1380 -50
1381 -365
1381 -263
1381 151
1381 157
1382 154
1382 156
1383 -711
1383 -507
1383 -114
1384 -729
1384 -175
1385 -62
1386 -499
1387 -150
1387 131
1388 -463
1388 -266
1389 -710
1389 -492
1390 -70
1391 173
1392 -729
1392 -485
1392 -118
1394 -479
1394 -463
1394 -268
1394 -180
1394 -156
1395 -709
1396 -474
1397 -361
1397 -77
1398 -469
1398 -464
1399 -851
1399 -466
1399 -465
1399 -313
1399 -309
1399 -303
1399 -268
1400 -317
1400 -299
1401 -893
1401 -296
1402 -321
1403 -728
1403 -709
1403 -267
1403 -186
1403 -186
1403 -164
1404 -325
1404 -294
1404 -122
1406 -328
1406 -81
1406 133
1407 -293
1407 -265
1409 -331
1410 -357
1411 -709
1411 -293
1411 -262
1411 -195
1412 -334
1413 -459
1413 -458
1414 -459
1414 -456
1414 -174
1416 -460
1416 -455
1416 -335
1416 -258
1417 -725
1417 -294
1417 -205
1417 -85
1418 -127
1419 -460
1419 -453
1420 -353
1421 -251
1422 -710
1422 -460
1422 -215
1423 -339
1424 -451
1424 -451
1424 -295
1424 -243
1424 -184
1425 -867
1425 -348
1425 -234
1425 -225
1426 -460
1426 -344
1427 134
1429 168
1430 -459
1431 -87
1432 -907
1432 -297
1432 -194
1433 -133
1434 -722
1434 -458
1434 -447
1435 -712
1438 -456
1438 -298
1438 -202
1442 -455
1442 -444
1442 -297
1443 -719
1443 -211
1445 -713
1445 -294
1446 -453
1446 -220
1447 -289
1448 -281
1448 -230
1449 -451
1449 -443
1449 -270
1449 -255
1449 -242
1449 -138
1450 -718
1451 -879
1451 -714
1453 -716
1454 -715
1454 -447
1454 -442
1456 -443
1457 -444
1461 -919
1466 -143
1466 163
1467 -768
1467 -767
1467 -93
1469 -886
1470 -769
1470 -766
1473 -15
1474 2
1475 -770
1476 -763
1476 19
1477 35
1478 51
1479 66
1480 79
1481 90
1482 99
1484 -770
1484 134
1486 -890
1486 -760
1488 -927
1490 -299
1490 -297
1490 -295
1491 -770
1491 -302
1491 -302
1491 -293
1492 -304
1493 -307
1493 -293
1493 159
1495 -310
1495 -292
1497 -292
1498 -312
1499 -769
1499 -757
1499 -757
1499 -271
1499 -269
1499 -269
1499 -1
1500 -314
1500 -293
1500 -265
1500 -22
1501 -273
1501 19
1502 -294
1502 -275
1502 -41
1503 -316
1504 -894
1504 -526
1504 -518
1504 -512
1504 -263
1504 36
1505 -296
1505 -277
1506 -535
1506 -508
1506 -318
1506 -57
1507 -768
1508 -319
1508 -298
1508 -279
1509 -262
1509 -243
1509 -241
1509 -241
1509 -239
1510 -504
1510 -300
1510 -237
1510 47
1511 -455
1511 -450
1511 -442
1511 -320
1511 -281
1511 -245
1511 -235
1512 -430
1512 -302
1512 -247
1512 -66
1512 155
1513 -563
1513 -320
1513 -234
1513 50
1514 -458
1514 -414
1514 -305
1515 -500
1515 -319
1515 -283
1515 -248
1515 -233
1515 55
1516 -933
1516 -405
1516 -319
1516 -308
1516 -263
1517 -766
1517 -395
1517 -317
1517 -310
1518 -459
1518 -315
1518 -313
1518 -249
1518 -232
1518 -66
1518 61
1519 -387
1519 -284
1519 -104
1519 -100
1520 -231
1520 -107
1520 -95
1520 -66
1521 -379
1521 -250
1521 -109
1521 -88
1521 -67
1521 68
1522 -750
1522 -372
1522 -265
1522 -83
1522 -78
1522 -74
1522 -71
1522 -68
1523 -592
1523 -497
1523 -458
1523 -231
1523 76
1524 -896
1524 -367
1524 -285
1524 -110
1524 149
1525 -363
1525 -251
1525 85
1526 -764
1526 -361
1526 -231
1526 -110
1527 94
1528 -360
1528 -286
1528 -268
1529 -251
1529 -232
1529 103
1530 -109
1530 143
1531 -456
1531 -358
1531 -286
1531 121
1532 -233
1532 133
1533 -493
1533 -273
1533 -251
1533 -108
1534 -285
1535 -284
1535 -234
1536 -762
1536 -621
1536 -454
1536 -357
1536 -282
1536 -278
1536 -108
1537 -280
1537 -250
1538 -235
1539 -110
1540 -249
1540 -237
1541 -355
1541 -112
1542 -746
1542 -452
1542 -248
1542 -239
1543 -116
1544 -247
1544 -241
1544 -121
1545 -759
1545 -245
1545 -243
1545 -128
1546 -936
1546 -486
1546 -136
1547 -168
1548 -897
1548 -449
1548 -353
1550 -649
1554 -756
1555 -445
1556 -350
1559 -743
1560 -536
1560 -532
1561 -622
1561 -611
1562 -601
1562 -526
1562 -477
1562 -442
1563 -537
1564 -633
1564 -348
1565 -674
1566 -517
1567 -589
1569 -750
1569 -647
1569 -534
1569 -438
1570 -742
1572 -346
1573 -506
1575 -575
1576 -746
1576 -743
1576 -433
1577 -465
1578 -938
1578 -527
1579 -898
1579 -674
1580 -693
1582 -494
1582 -429
1584 -343
1587 -557
1587 -516
1588 -425
1591 -453
1592 -482
1593 -706
1594 -422
1594 -339
1598 235
1599 -499
1599 -419
1599 237
1600 231
1600 239
1602 -535
1602 -469
1603 -652
1603 -441
1603 -335
1603 226
1604 -711
1604 -417
1604 239
1608 -415
1608 221
1610 -455
1610 -330
1611 -521
1611 -391
1611 -389
1612 -479
1612 -430
1612 -414
1613 -390
1613 -385
1614 238
1615 -637
1615 -414
1615 214
1616 -937
1616 -754
1616 -753
1616 -415
1617 -897
1617 -756
1617 -421
1617 -387
1617 -323
1618 -753
1618 -705
1618 -379
1619 -759
1619 -440
1620 -754
1620 -506
1623 -763
1623 -381
1623 -315
1623 206
1623 206
1623 236
1624 -755
1625 -455
1625 -370
1626 -425
1627 -767
1628 -755
1629 -616
1629 -491
1629 -305
1630 -11
1630 -10
1630 -7
1631 -10
1631 -3
1632 232
1633 -771
1633 -754
1633 -410
1633 -8
1633 2
1634 -690
1634 -359
1634 6
1635 -4
1635 11
1636 -293
1637 -753
1637 15
1638 -475
1638 -429
1638 20
1638 25
1639 -776
1639 -395
1639 2
1639 29
1640 -283
1640 34
1640 37
1640 37
1640 42
1641 6
1641 46
1641 48
1641 227
1642 -750
1642 -349
1642 48
1642 49
1642 185
1643 10
1643 46
1644 -589
1644 -381
1644 15
1644 42
1645 -782
1645 -271
1646 -748
1646 -459
1646 19
1646 24
1646 33
1646 37
1647 29
1648 222
1649 -341
1649 -259
1650 -404
1651 -744
1651 -356
1652 -789
1653 -667
1653 -444
1653 -245
1654 216
1655 -765
1655 -761
1655 -740
1656 -333
1657 -770
1657 -756
1657 -232
1658 -796
1658 -560
1658 210
1659 -736
1659 -430
1659 162
1659 200
1659 203
1660 -935
1660 -752
1660 -218
1660 197
1661 -776
1661 -380
1662 194
1663 -327
1663 -205
1663 191
1664 -747
1664 -732
1664 -417
1665 -896
1665 -804
1665 -193
1666 -783
1666 -181
1666 188
1668 -406
1668 -321
1668 186
1669 -358
1669 -358
1669 -169
1670 -811
1671 -727
1671 -639
1671 -350
1671 184
1672 -529
1672 -395
1672 -318
1672 -156
1673 -739
1673 -343
1674 -793
1674 138
1674 182
1675 -336
1675 -316
1675 -144
1676 -818
1676 -386
1676 -330
1677 -324
1677 -320
1677 -317
1677 -316
1678 -723
1679 -799
1679 -133
1680 -825
1680 -377
1682 -123
1682 177
1683 -806
1683 -733
1683 -500
1683 -371
1684 -832
1686 -934
1686 -719
1686 -365
1686 -114
1686 112
1688 -837
1688 -812
1689 -607
1689 -362
1690 -106
1690 168
1691 -841
1691 -819
1691 -473
1691 -361
1693 -359
1694 -844
1694 -729
1694 -715
1694 -353
1695 -825
1695 -344
1695 -98
1696 -845
1696 -450
1696 84
1697 -830
1697 -332
1698 -844
1698 -835
1698 -317
1698 -301
1698 155
1699 -843
1699 -839
1699 -438
1699 -282
1699 -262
1699 -237
1699 -89
1700 -395
1700 -392
1700 -389
1700 -385
1700 -385
1700 -381
1700 -378
1700 -213
1701 -397
1701 -376
1701 -192
1702 -712
1702 -427
1702 -398
1702 -375
1702 -78
1703 -399
1703 -375
1703 -374
1703 -172
1703 55
1704 -575
1704 -399
1705 -418
1705 -398
1705 -377
1705 -67
1705 139
1706 -397
1706 -379
1706 -153
1706 -54
1707 -725
1707 -395
1707 -393
1707 -385
1707 -382
1707 25
1708 -390
1708 -387
1708 -40
1709 -412
1709 -24
1709 -6
1710 -135
1711 -709
1711 122
1712 -932
1712 -894
1713 -409
1714 -118
1715 102
1716 -543
1716 -410
1718 -415
1719 -423
1719 -101
1719 83
1720 -434
1720 63
1721 -723
1721 -706
1721 54
1722 -442
1722 46
1723 -514
1723 38
1724 32
1726 -500
1726 -448
1726 -77
1726 27
1727 22
1728 -490
1729 -703
1729 20
1730 -453
1730 19
1731 -55
1732 -482
1735 -722
1735 17
1736 -929
1736 -699
1736 -455
1736 -34
1737 -476
1738 -17
1738 9
1739 -2
1741 -695
1743 -456
1744 -471
1745 -691
1747 -686
1748 -681
1749 -893
1749 -674
1749 -669
1750 -664
1750 -455
1751 -722
1751 -658
1752 -652
1754 -646
1754 -468
1756 -641
1759 -926
1759 -673
1759 -636
1759 -451
1760 -682
1761 -662
1761 -631
1761 -631
1762 -691
1764 -651
1764 -448
1766 -623
1767 -724
1767 -700
1767 -464
1770 -639
1771 -618
1771 -446
1773 -707
1774 -631
1774 -616
1777 -624
1777 -619
1777 -616
1778 -891
1779 -726
1779 -444
1780 -923
1781 -714
1785 -460
1787 -727
1788 -442
1789 -719
1793 -727
1793 -723
1796 -727
1796 -725
1797 -440
1799 -920
1799 -457
1800 -889
1807 -439
1811 -455
1813 -917
1816 -886
1817 -438
1822 -453
1824 -914
1826 -437
1828 -882
1832 -453
1833 -911
1836 -877
1841 -453
1841 -437
1843 -907
1844 -871
1849 -454
1850 -866
1852 -436
1855 -904
1856 -456
1857 -861
1861 -434
1863 -459
1864 -858
1867 -900
1868 -430
1869 -611
1870 -613
1870 -611
1871 -462
1872 -616
1873 -855
1873 -611
1873 -423
1875 -621
1877 -612
1877 -464
1879 -896
1879 -414
1881 -627
1882 -614
1882 -464
1883 -853
1883 -676
1883 -674
1884 -677
1884 -672
1884 -401
1885 -668
1885 -632
1886 -677
1887 -616
1887 -462
1888 -663
1888 -637
1889 -676
1890 -659
1890 -641
1890 -385
1891 -892
1891 -654
1891 -646
1891 -617
1891 -594
1891 -592
1891 -591
1892 -650
1892 -598
1892 -457
1893 -675
1893 -592
1894 -617
1894 -604
1894 -604
1895 -852
1896 -616
1896 -608
1896 -594
1896 -450
1897 -674
1897 -615
1897 -612
1899 -598
1901 -673
1902 -889
1902 -440
1903 -674
1905 -603
1906 -676
1907 -679
1908 -851
1908 -684
1909 -711
1909 -697
1909 -689
1909 -607
1909 -427
1911 -719
1912 -721
1912 -613
1913 -886
1914 -718
1915 -619
1915 -335
1916 -710
1917 -627
1918 -699
1918 -489
1919 -635
1919 -498
1920 -684
1920 -655
1920 -645
1921 -666
1921 -406
1924 -851
1924 -476
1929 -501
1936 -505
1936 -460
1938 -878
1939 -382
1944 -334
1945 -516
1946 -852
1946 -780
1948 -290
1952 -444
1954 -533
1956 -871
1956 -493
1956 -488
1957 -500
1959 -482
1961 -507
1961 -356
1962 -853
1963 -476
1964 -553
1967 -760
1967 -516
1968 -865
1970 -467
1971 -856
1971 -806
1972 -428
1973 -860
1973 -575
1975 -752
1975 -528
1981 -743
1981 -597
1984 -291
1985 -731
1985 -331
1987 -618
1988 -549
1989 -718
1990 -636
1990 -448
1991 -702
1991 -684
1991 -662
1991 -251
1994 -414
1996 -831
1999 -571
2001 -275
2006 -592
2008 -737
2011 -615
2011 -307
2012 -700
2012 -281
2014 -668
2014 -640
2016 -433
2016 -404
2023 -258
2026 -270
2038 -285
2040 -216
2042 -260
2047 -422
2048 -241
2057 -249
2063 -266
2073 -239
2074 -398
2074 -226
2081 -415
2084 -383
2087 -252
2088 -230
2096 -189
2100 -212
2103 -222
2109 -391
2116 -215
2117 -413
2118 -400
2124 -201
2127 -210
2127 -210
2131 -387
2136 -207
2144 -203
2144 -194
2148 -375
2150 -200
2153 -416
2153 -403
2154 -385
2156 -197
2157 -223
2157 -168
2159 -195
2159 -191
2161 -193
2161 -192
2178 -386
2181 -186
2181 -185
2181 -184
2182 -187
2183 -188
2183 -183
2185 -189
2185 -182
2186 -410
2187 -190
2188 -423
2188 -182
2190 -190
2191 -182
2192 -190
2195 -189
2195 -182
2198 -189
2199 -182
2201 -188
2201 -188
2202 -389
2202 -182
2203 -187
2204 -183
2205 -186
2205 -185
2205 -184
2207 -377
2218 -422
2219 -436
2222 -155
2223 -209
2226 -394
2237 -175
2237 -174
2242 -450
2243 -173
2244 -177
2248 -400
2249 -438
2256 -172
2259 -179
2260 -389
2265 -466
2269 -409
2274 -172
2278 -458
2281 -182
2286 -209
2287 -486
2289 -419
2289 -419
2289 -151
2305 -412
2306 -431
2307 -483
2308 -507
2312 -186
2321 -445
2328 -530
2333 -176
2335 -512
2336 -460
2343 -444
2345 -225
2346 -554
2349 -477
2353 -193
2356 -157
2360 -495
2362 -579
2362 -546
2364 -215
2364 -213
2367 -218
2367 -212
2370 -515
2371 -559
2371 -486
2372 -221
2372 -212
2374 -604
2378 -568
2378 -535
2379 -212
2381 -226
2383 -623
2383 -574
2384 -556
2386 -576
2387 -566
2388 -576
2388 -572
2389 -641
2389 -536
2389 -200
2392 -548
2392 -232
2394 -188
2395 -658
2395 -561
2399 -677
2399 -576
2399 -256
2402 -699
2403 -592
2404 -725
2406 -756
2407 -216
2408 -794
2408 -608
2412 -624
2414 -922
2417 -640
2420 -209
2421 -655
2425 -175
2426 -675
2428 -255
2431 -858
2431 -693
2432 -875
2432 -868
2432 -846
2432 -833
2433 -879
2433 -818
2434 -881
2434 -803
2434 -710
2436 -780
2436 -726
2437 -879
2437 -761
2437 -743
2439 -229
2444 -875
2448 -220
2450 -301
2453 -867
2456 -209
2463 -287
2465 -857
2473 -248
2474 -233
2479 -845
2494 -858
2495 -831
2496 -325
2496 -203
2497 -361
2498 -250
2509 -273
2512 -843
2512 -816
2518 -237
2523 -270
2527 -370
2530 -800
2531 -826
2540 -436
2544 -303
2549 -293
2551 -780
2553 -806
2554 -467
2556 -420
2566 -240
2568 -502
2568 -314
2569 -762
2575 -786
2577 -336
2578 -271
2581 -539
2581 -474
2585 -747
2588 -336
2593 -577
2597 -765
2597 -733
2603 -533
2604 -613
2606 -370
2607 -721
2607 -359
2612 -646
2613 -711
2617 -675
2618 -743
2618 -703
2619 -696
2621 -594
2623 -381
2628 -622
2630 -405
2632 -286
2633 -643
2635 -415
2635 -312
2638 -723
2638 -658
2638 -402
2641 -424
2642 -667
2646 -672
2646 -432
2649 -420
2650 -438
2651 -674
2654 -443
2656 -703
2656 -672
2656 -446
2656 -435
2658 -447
2659 -445
2663 -668
2667 -664
2672 -661
2677 -656
2679 -430
2679 -430
2679 -426
2680 -535
2680 -532
2680 -529
2680 -525
2680 -525
2680 -521
2680 -518
2680 -435
2680 -423
2681 -652
2681 -537
2681 -516
2682 -538
2682 -515
2682 -422
2683 -539
2683 -515
2683 -514
2683 -441
2684 -539
2684 -423
2685 -647
2685 -538
2685 -517
2686 -537
2686 -519
2687 -535
2687 -533
2687 -525
2687 -522
2688 -530
2688 -527
2688 -447
2688 -425
2688 -358
2689 -642
2690 -585
2690 -582
2690 -579
2690 -575
2690 -575
2690 -571
2690 -568
2691 -587
2691 -566
2692 -637
2692 -588
2692 -565
2692 -430
2693 -589
2693 -565
2693 -564
2694 -589
2694 -454
2694 -337
2695 -632
2695 -588
2695 -567
2696 -587
2696 -569
2697 -628
2697 -585
2697 -583
2697 -575
2697 -572
2697 -437
2698 -580
2698 -577
2700 -625
2700 -461
2702 -622
2703 -446
2705 -620
2706 -466
2706 -451
2707 -618
2709 -536
2709 -456
2710 -617
2711 -470
2711 -460
2712 -618
2713 -619
2713 -464
2715 -619
2715 -581
2715 -471
2715 -470
2715 -469
2715 -467
2716 -618
2716 -590
2717 -615
2717 -611
2717 -605
2717 -598
2724 -575
2733 -495
2734 -501
2734 -493
2735 -409
2736 -512
2737 -497
2739 -613
2741 -526
2742 -506
2747 -544
2749 -521
2749 -395
2754 -532
2755 -435
2758 -540
2763 -546
2765 -591
2767 -549
2771 -456
2772 -550
2777 -548
2782 -543
2783 -475
2789 -536
2791 -491
2794 -527
2794 -456
2796 -505
2797 -551
2797 -517
2830 -511
