   0.0000000e+00   4.1000000e+01   2.5900000e+02   0.0000000e+00   8.6333333e-01   1.6960000e+03   7.0699901e+01
   0.0000000e+00   4.1000000e+01   2.5900000e+02   0.0000000e+00   8.6333333e-01   4.2600000e+02   7.0736469e+01
   0.0000000e+00   4.1000000e+01   2.5900000e+02   0.0000000e+00   8.6333333e-01   1.0220000e+03   7.0652777e+01
   0.0000000e+00   4.1000000e+01   2.5900000e+02   0.0000000e+00   8.6333333e-01   7.9500000e+02   7.0517227e+01
   0.0000000e+00   4.1000000e+01   2.5900000e+02   0.0000000e+00   8.6333333e-01   1.1190000e+03   7.0417660e+01
   0.0000000e+00   4.1000000e+01   2.5900000e+02   0.0000000e+00   8.6333333e-01   2.0450000e+03   7.0496618e+01
   0.0000000e+00   4.1000000e+01   2.5900000e+02   0.0000000e+00   8.6333333e-01   7.7900000e+02   7.0530668e+01
   0.0000000e+00   4.1000000e+01   2.5900000e+02   0.0000000e+00   8.6333333e-01   1.3760000e+03   7.0667392e+01
   0.0000000e+00   4.1000000e+01   2.5900000e+02   0.0000000e+00   8.6333333e-01   6.4400000e+02   7.0498054e+01
   0.0000000e+00   4.1000000e+01   2.5900000e+02   0.0000000e+00   8.6333333e-01   2.0160000e+03   7.0518755e+01
   0.0000000e+00   4.1000000e+01   2.5900000e+02   0.0000000e+00   8.6333333e-01   1.4010000e+03   7.0625629e+01
   0.0000000e+00   4.1000000e+01   2.5900000e+02   0.0000000e+00   8.6333333e-01   3.0990000e+03   7.0651778e+01
   0.0000000e+00   4.1000000e+01   2.5900000e+02   0.0000000e+00   8.6333333e-01   1.1670000e+03   7.0643951e+01
   0.0000000e+00   4.1000000e+01   2.5900000e+02   0.0000000e+00   8.6333333e-01   3.4270000e+03   7.0500433e+01
   0.0000000e+00   4.1000000e+01   2.5900000e+02   0.0000000e+00   8.6333333e-01   8.7000000e+02   7.0281960e+01
   0.0000000e+00   4.1000000e+01   2.5900000e+02   0.0000000e+00   8.6333333e-01   7.4900000e+02   7.0648788e+01
   0.0000000e+00   4.1000000e+01   2.5900000e+02   0.0000000e+00   8.6333333e-01   1.5560000e+03   7.0504132e+01
   0.0000000e+00   4.1000000e+01   2.5900000e+02   0.0000000e+00   8.6333333e-01   1.1580000e+03   7.0754504e+01
   0.0000000e+00   4.1000000e+01   2.5900000e+02   0.0000000e+00   8.6333333e-01   2.5390000e+03   7.0615183e+01
   0.0000000e+00   4.1000000e+01   2.5900000e+02   0.0000000e+00   8.6333333e-01   4.3300000e+02   7.1230542e+01
   0.0000000e+00   4.1000000e+01   2.5900000e+02   0.0000000e+00   8.6333333e-01   1.2310000e+03   7.0797659e+01
   0.0000000e+00   4.1000000e+01   2.5900000e+02   0.0000000e+00   8.6333333e-01   5.1000000e+02   7.0420204e+01
   0.0000000e+00   4.1000000e+01   2.5900000e+02   0.0000000e+00   8.6333333e-01   5.5200000e+02   7.0720049e+01
   0.0000000e+00   4.1000000e+01   2.5900000e+02   0.0000000e+00   8.6333333e-01   8.5400000e+02   7.0577146e+01
   0.0000000e+00   4.1000000e+01   2.5900000e+02   0.0000000e+00   8.6333333e-01   4.8400000e+02   7.0523070e+01
   0.0000000e+00   4.1000000e+01   2.5900000e+02   0.0000000e+00   8.6333333e-01   7.6200000e+02   7.0361959e+01
   0.0000000e+00   4.1000000e+01   2.5900000e+02   0.0000000e+00   8.6333333e-01   2.4640000e+03   7.0552094e+01
   0.0000000e+00   4.1000000e+01   2.5900000e+02   0.0000000e+00   8.6333333e-01   5.4900000e+02   7.0549038e+01
   0.0000000e+00   4.1000000e+01   2.5900000e+02   0.0000000e+00   8.6333333e-01   2.0030000e+03   7.0541677e+01
   0.0000000e+00   4.1000000e+01   2.5900000e+02   0.0000000e+00   8.6333333e-01   7.2500000e+02   7.0384941e+01
   0.0000000e+00   4.1000000e+01   2.5900000e+02   0.0000000e+00   8.6333333e-01   8.1000000e+02   7.0549934e+01
   0.0000000e+00   4.1000000e+01   2.5900000e+02   0.0000000e+00   8.6333333e-01   6.1000000e+02   7.0543207e+01
   0.0000000e+00   4.1000000e+01   2.5900000e+02   0.0000000e+00   8.6333333e-01   7.7600000e+02   7.0494842e+01
   0.0000000e+00   4.1000000e+01   2.5900000e+02   0.0000000e+00   8.6333333e-01   5.5200000e+02   7.0713231e+01
   0.0000000e+00   4.1000000e+01   2.5900000e+02   0.0000000e+00   8.6333333e-01   8.9500000e+02   7.0396489e+01
   0.0000000e+00   4.1000000e+01   2.5900000e+02   0.0000000e+00   8.6333333e-01   1.9000000e+03   7.0763115e+01
   0.0000000e+00   4.1000000e+01   2.5900000e+02   0.0000000e+00   8.6333333e-01   9.0500000e+02   7.0642146e+01
   0.0000000e+00   4.1000000e+01   2.5900000e+02   0.0000000e+00   8.6333333e-01   2.1760000e+03   7.0570300e+01
   0.0000000e+00   4.1000000e+01   2.5900000e+02   0.0000000e+00   8.6333333e-01   6.9700000e+02   7.0627166e+01
   0.0000000e+00   4.1000000e+01   2.5900000e+02   0.0000000e+00   8.6333333e-01   9.1000000e+02   7.0580008e+01
   0.0000000e+00   4.1000000e+01   2.5900000e+02   0.0000000e+00   8.6333333e-01   7.7000000e+02   7.0563862e+01
   0.0000000e+00   4.1000000e+01   2.5900000e+02   0.0000000e+00   8.6333333e-01   2.4640000e+03   7.0419497e+01
   0.0000000e+00   4.1000000e+01   2.5900000e+02   0.0000000e+00   8.6333333e-01   1.1190000e+03   7.0591081e+01
   0.0000000e+00   4.1000000e+01   2.5900000e+02   0.0000000e+00   8.6333333e-01   3.1400000e+03   7.0430098e+01
   0.0000000e+00   4.1000000e+01   2.5900000e+02   0.0000000e+00   8.6333333e-01   1.2070000e+03   7.0535757e+01
   0.0000000e+00   4.1000000e+01   2.5900000e+02   0.0000000e+00   8.6333333e-01   1.1670000e+03   7.0526538e+01
   0.0000000e+00   4.1000000e+01   2.5900000e+02   0.0000000e+00   8.6333333e-01   8.7900000e+02   7.0583264e+01
   0.0000000e+00   4.1000000e+01   2.5900000e+02   0.0000000e+00   8.6333333e-01   8.5000000e+02   7.0501232e+01
   0.0000000e+00   4.1000000e+01   2.5900000e+02   0.0000000e+00   8.6333333e-01   3.3110000e+03   7.0634147e+01
   0.0000000e+00   4.1000000e+01   2.5800000e+02   1.0000000e+00   8.6000000e-01   4.0100000e+02   7.1090749e+01
   0.0000000e+00   4.1000000e+01   2.5900000e+02   0.0000000e+00   8.6333333e-01   2.0610000e+03   7.0459197e+01
   0.0000000e+00   4.1000000e+01   2.5900000e+02   0.0000000e+00   8.6333333e-01   1.0540000e+03   7.0448459e+01
   0.0000000e+00   4.1000000e+01   2.5900000e+02   0.0000000e+00   8.6333333e-01   2.7100000e+02   7.0865262e+01
   0.0000000e+00   4.1000000e+01   2.5900000e+02   0.0000000e+00   8.6333333e-01   2.5100000e+02   7.0660176e+01
   0.0000000e+00   4.1000000e+01   2.5900000e+02   0.0000000e+00   8.6333333e-01   7.1700000e+02   7.0552579e+01
   0.0000000e+00   4.1000000e+01   2.5900000e+02   0.0000000e+00   8.6333333e-01   2.9380000e+03   7.0429346e+01
   0.0000000e+00   4.1000000e+01   2.5900000e+02   0.0000000e+00   8.6333333e-01   2.0630000e+03   7.0644889e+01
   0.0000000e+00   4.1000000e+01   2.5900000e+02   0.0000000e+00   8.6333333e-01   9.5900000e+02   7.0594202e+01
   0.0000000e+00   4.1000000e+01   2.5900000e+02   0.0000000e+00   8.6333333e-01   6.1000000e+02   7.1052635e+01
   0.0000000e+00   4.1000000e+01   2.5900000e+02   0.0000000e+00   8.6333333e-01   1.7280000e+03   7.0479157e+01
   0.0000000e+00   4.1000000e+01   2.5900000e+02   0.0000000e+00   8.6333333e-01   4.0400000e+02   7.0140037e+01
   0.0000000e+00   4.1000000e+01   2.5900000e+02   0.0000000e+00   8.6333333e-01   6.0600000e+02   7.0342105e+01
   0.0000000e+00   4.1000000e+01   2.5900000e+02   0.0000000e+00   8.6333333e-01   4.9400000e+02   7.0635555e+01
   0.0000000e+00   4.1000000e+01   2.5900000e+02   0.0000000e+00   8.6333333e-01   3.1800000e+02   7.0384442e+01
   0.0000000e+00   4.1000000e+01   2.5900000e+02   0.0000000e+00   8.6333333e-01   7.1400000e+02   7.0511230e+01
   0.0000000e+00   4.1000000e+01   2.5900000e+02   0.0000000e+00   8.6333333e-01   8.9700000e+02   7.0603784e+01
   0.0000000e+00   4.1000000e+01   2.5900000e+02   0.0000000e+00   8.6333333e-01   7.6600000e+02   7.0481251e+01
   0.0000000e+00   4.1000000e+01   2.5900000e+02   0.0000000e+00   8.6333333e-01   6.1600000e+02   7.0492223e+01
   0.0000000e+00   4.1000000e+01   2.5900000e+02   0.0000000e+00   8.6333333e-01   5.4800000e+02   7.0513782e+01
   0.0000000e+00   4.1000000e+01   2.5700000e+02   2.0000000e+00   8.5666667e-01   9.7900000e+02   7.1430739e+01
   0.0000000e+00   4.1000000e+01   2.5900000e+02   0.0000000e+00   8.6333333e-01   3.5600000e+02   7.0781848e+01
   0.0000000e+00   4.1000000e+01   2.5900000e+02   0.0000000e+00   8.6333333e-01   1.2010000e+03   7.0632334e+01
   0.0000000e+00   4.1000000e+01   2.5900000e+02   0.0000000e+00   8.6333333e-01   5.9800000e+02   7.0570841e+01
   0.0000000e+00   4.1000000e+01   2.5900000e+02   0.0000000e+00   8.6333333e-01   5.6900000e+02   7.0638901e+01
   0.0000000e+00   4.1000000e+01   2.5900000e+02   0.0000000e+00   8.6333333e-01   1.6490000e+03   7.0443133e+01
   0.0000000e+00   4.1000000e+01   2.5900000e+02   0.0000000e+00   8.6333333e-01   3.5700000e+02   7.0560424e+01
   0.0000000e+00   4.1000000e+01   2.5900000e+02   0.0000000e+00   8.6333333e-01   6.0600000e+02   7.0776250e+01
   0.0000000e+00   4.1000000e+01   2.5900000e+02   0.0000000e+00   8.6333333e-01   4.3800000e+02   7.0696363e+01
   0.0000000e+00   4.1000000e+01   2.5900000e+02   0.0000000e+00   8.6333333e-01   4.9100000e+02   7.0379914e+01
   0.0000000e+00   4.1000000e+01   2.5900000e+02   0.0000000e+00   8.6333333e-01   2.6590000e+03   7.0458092e+01
   0.0000000e+00   4.1000000e+01   2.5900000e+02   0.0000000e+00   8.6333333e-01   1.2780000e+03   7.0402985e+01
   0.0000000e+00   4.1000000e+01   2.5900000e+02   0.0000000e+00   8.6333333e-01   8.9100000e+02   7.0387270e+01
   0.0000000e+00   4.1000000e+01   2.5900000e+02   0.0000000e+00   8.6333333e-01   2.5900000e+02   7.0948942e+01
   0.0000000e+00   4.1000000e+01   2.5900000e+02   0.0000000e+00   8.6333333e-01   5.2300000e+02   7.0812184e+01
   0.0000000e+00   4.1000000e+01   2.5900000e+02   0.0000000e+00   8.6333333e-01   2.1770000e+03   7.0625889e+01
   0.0000000e+00   4.1000000e+01   2.5900000e+02   0.0000000e+00   8.6333333e-01   9.1500000e+02   7.0521204e+01
   0.0000000e+00   4.1000000e+01   2.5900000e+02   0.0000000e+00   8.6333333e-01   8.1600000e+02   7.0711356e+01
   0.0000000e+00   4.1000000e+01   2.5900000e+02   0.0000000e+00   8.6333333e-01   5.6100000e+02   7.0696797e+01
   0.0000000e+00   4.1000000e+01   2.5900000e+02   0.0000000e+00   8.6333333e-01   6.7200000e+02   7.0525100e+01
   0.0000000e+00   4.1000000e+01   2.5900000e+02   0.0000000e+00   8.6333333e-01   1.5480000e+03   7.0628202e+01
   0.0000000e+00   4.1000000e+01   2.5900000e+02   0.0000000e+00   8.6333333e-01   2.3080000e+03   7.0452866e+01
   0.0000000e+00   4.1000000e+01   2.5900000e+02   0.0000000e+00   8.6333333e-01   9.2500000e+02   7.0428617e+01
   0.0000000e+00   4.1000000e+01   2.5900000e+02   0.0000000e+00   8.6333333e-01   5.1800000e+02   7.0453346e+01
   0.0000000e+00   4.1000000e+01   2.5900000e+02   0.0000000e+00   8.6333333e-01   1.0390000e+03   7.0433069e+01
   0.0000000e+00   4.1000000e+01   2.5900000e+02   0.0000000e+00   8.6333333e-01   5.3800000e+02   7.0319683e+01
   0.0000000e+00   4.1000000e+01   2.5900000e+02   0.0000000e+00   8.6333333e-01   3.1590000e+03   7.0540010e+01
   0.0000000e+00   4.1000000e+01   2.5900000e+02   0.0000000e+00   8.6333333e-01   9.4000000e+02   7.0610349e+01
   0.0000000e+00   4.1000000e+01   2.5900000e+02   0.0000000e+00   8.6333333e-01   1.0670000e+03   7.0551835e+01
   0.0000000e+00   4.1000000e+01   2.5900000e+02   0.0000000e+00   8.6333333e-01   1.3790000e+03   7.0454565e+01
   0.0000000e+00   4.1000000e+01   2.5900000e+02   0.0000000e+00   8.6333333e-01   1.0620000e+03   7.0550008e+01
