   0.0000000e+00   4.7000000e+01   2.5300000e+02   0.0000000e+00   8.4333333e-01   1.0120000e+03   7.7391418e+01
   0.0000000e+00   4.7000000e+01   2.5300000e+02   0.0000000e+00   8.4333333e-01   1.3440000e+03   7.7649952e+01
   0.0000000e+00   4.7000000e+01   2.5300000e+02   0.0000000e+00   8.4333333e-01   7.0400000e+02   7.7522964e+01
   0.0000000e+00   4.7000000e+01   2.5300000e+02   0.0000000e+00   8.4333333e-01   4.1100000e+02   7.7863822e+01
   0.0000000e+00   4.7000000e+01   2.5300000e+02   0.0000000e+00   8.4333333e-01   1.7180000e+03   7.7043814e+01
   0.0000000e+00   4.7000000e+01   2.5300000e+02   0.0000000e+00   8.4333333e-01   8.7800000e+02   7.7253715e+01
   0.0000000e+00   4.7000000e+01   2.5300000e+02   0.0000000e+00   8.4333333e-01   7.5100000e+02   7.7336170e+01
   0.0000000e+00   4.7000000e+01   2.5200000e+02   1.0000000e+00   8.4000000e-01   5.7000000e+02   7.7734374e+01
   0.0000000e+00   4.7000000e+01   2.5300000e+02   0.0000000e+00   8.4333333e-01   4.5100000e+02   7.7507394e+01
   0.0000000e+00   4.7000000e+01   2.5300000e+02   0.0000000e+00   8.4333333e-01   7.3000000e+02   7.7614127e+01
   0.0000000e+00   4.7000000e+01   2.5300000e+02   0.0000000e+00   8.4333333e-01   1.6720000e+03   7.7090715e+01
   0.0000000e+00   4.7000000e+01   2.5100000e+02   2.0000000e+00   8.3666667e-01   3.5800000e+02   7.8539099e+01
   0.0000000e+00   4.7000000e+01   2.5300000e+02   0.0000000e+00   8.4333333e-01   1.0400000e+03   7.7503303e+01
   0.0000000e+00   4.7000000e+01   2.5300000e+02   0.0000000e+00   8.4333333e-01   8.2900000e+02   7.7206151e+01
   0.0000000e+00   4.7000000e+01   2.5300000e+02   0.0000000e+00   8.4333333e-01   8.3100000e+02   7.7053987e+01
   0.0000000e+00   4.7000000e+01   2.5300000e+02   0.0000000e+00   8.4333333e-01   1.3300000e+03   7.7020545e+01
   0.0000000e+00   4.7000000e+01   2.5300000e+02   0.0000000e+00   8.4333333e-01   1.1910000e+03   7.7437019e+01
   0.0000000e+00   4.7000000e+01   2.5300000e+02   0.0000000e+00   8.4333333e-01   1.1170000e+03   7.7139004e+01
   0.0000000e+00   4.7000000e+01   2.5300000e+02   0.0000000e+00   8.4333333e-01   3.2300000e+02   7.7517055e+01
   0.0000000e+00   4.7000000e+01   2.5300000e+02   0.0000000e+00   8.4333333e-01   4.8200000e+02   7.7134067e+01
   0.0000000e+00   4.7000000e+01   2.5300000e+02   0.0000000e+00   8.4333333e-01   1.6910000e+03   7.7169953e+01
   0.0000000e+00   4.7000000e+01   2.5300000e+02   0.0000000e+00   8.4333333e-01   4.2700000e+02   7.7010615e+01
   0.0000000e+00   4.7000000e+01   2.5300000e+02   0.0000000e+00   8.4333333e-01   5.8800000e+02   7.7176965e+01
   0.0000000e+00   4.7000000e+01   2.5300000e+02   0.0000000e+00   8.4333333e-01   8.8100000e+02   7.6787191e+01
   0.0000000e+00   4.7000000e+01   2.5300000e+02   0.0000000e+00   8.4333333e-01   1.5960000e+03   7.7336631e+01
   0.0000000e+00   4.7000000e+01   2.5300000e+02   0.0000000e+00   8.4333333e-01   6.0300000e+02   7.7617794e+01
   0.0000000e+00   4.7000000e+01   2.5300000e+02   0.0000000e+00   8.4333333e-01   7.7700000e+02   7.7694729e+01
   0.0000000e+00   4.7000000e+01   2.5300000e+02   0.0000000e+00   8.4333333e-01   3.1800000e+02   7.7355146e+01
   0.0000000e+00   4.7000000e+01   2.5300000e+02   0.0000000e+00   8.4333333e-01   4.6900000e+02   7.7602765e+01
   0.0000000e+00   4.7000000e+01   2.5300000e+02   0.0000000e+00   8.4333333e-01   5.3700000e+02   7.7238101e+01
   0.0000000e+00   4.7000000e+01   2.5300000e+02   0.0000000e+00   8.4333333e-01   5.9400000e+02   7.7426909e+01
   0.0000000e+00   4.7000000e+01   2.5300000e+02   0.0000000e+00   8.4333333e-01   1.1300000e+03   7.7474459e+01
   0.0000000e+00   4.7000000e+01   2.5300000e+02   0.0000000e+00   8.4333333e-01   1.6370000e+03   7.6876373e+01
   0.0000000e+00   4.7000000e+01   2.5300000e+02   0.0000000e+00   8.4333333e-01   1.0770000e+03   7.7158113e+01
   0.0000000e+00   4.7000000e+01   2.5300000e+02   0.0000000e+00   8.4333333e-01   4.9900000e+02   7.7191888e+01
   0.0000000e+00   4.7000000e+01   2.5300000e+02   0.0000000e+00   8.4333333e-01   8.0800000e+02   7.7790966e+01
   0.0000000e+00   4.7000000e+01   2.5300000e+02   0.0000000e+00   8.4333333e-01   2.8500000e+02   7.6918735e+01
   0.0000000e+00   4.7000000e+01   2.5300000e+02   0.0000000e+00   8.4333333e-01   5.9200000e+02   7.7970090e+01
   0.0000000e+00   4.7000000e+01   2.5300000e+02   0.0000000e+00   8.4333333e-01   3.0800000e+02   7.7198951e+01
   0.0000000e+00   4.7000000e+01   2.5300000e+02   0.0000000e+00   8.4333333e-01   3.3300000e+02   7.7865545e+01
   0.0000000e+00   4.7000000e+01   2.5300000e+02   0.0000000e+00   8.4333333e-01   6.3100000e+02   7.7107738e+01
   0.0000000e+00   4.7000000e+01   2.5300000e+02   0.0000000e+00   8.4333333e-01   5.8400000e+02   7.7114815e+01
   0.0000000e+00   4.7000000e+01   2.5300000e+02   0.0000000e+00   8.4333333e-01   4.9700000e+02   7.7336745e+01
   0.0000000e+00   4.7000000e+01   2.5300000e+02   0.0000000e+00   8.4333333e-01   1.5180000e+03   7.7164643e+01
   0.0000000e+00   4.7000000e+01   2.5300000e+02   0.0000000e+00   8.4333333e-01   1.2100000e+03   7.7050642e+01
   0.0000000e+00   4.7000000e+01   2.5300000e+02   0.0000000e+00   8.4333333e-01   7.0900000e+02   7.7167216e+01
   0.0000000e+00   4.7000000e+01   2.5300000e+02   0.0000000e+00   8.4333333e-01   1.0380000e+03   7.7216929e+01
   0.0000000e+00   4.7000000e+01   2.5300000e+02   0.0000000e+00   8.4333333e-01   3.7700000e+02   7.7257582e+01
   0.0000000e+00   4.7000000e+01   2.5300000e+02   0.0000000e+00   8.4333333e-01   8.9700000e+02   7.6979307e+01
   0.0000000e+00   4.7000000e+01   2.5300000e+02   0.0000000e+00   8.4333333e-01   4.5200000e+02   7.7051236e+01
   0.0000000e+00   4.7000000e+01   2.5300000e+02   0.0000000e+00   8.4333333e-01   1.3880000e+03   7.7566655e+01
   0.0000000e+00   4.7000000e+01   2.5300000e+02   0.0000000e+00   8.4333333e-01   3.9500000e+02   7.7370200e+01
   0.0000000e+00   4.7000000e+01   2.5300000e+02   0.0000000e+00   8.4333333e-01   1.5830000e+03   7.6857811e+01
   0.0000000e+00   4.7000000e+01   2.5300000e+02   0.0000000e+00   8.4333333e-01   3.6800000e+02   7.7222637e+01
   0.0000000e+00   4.7000000e+01   2.5300000e+02   0.0000000e+00   8.4333333e-01   6.3400000e+02   7.7315682e+01
   0.0000000e+00   4.7000000e+01   2.5300000e+02   0.0000000e+00   8.4333333e-01   4.4200000e+02   7.7155361e+01
   0.0000000e+00   4.7000000e+01   2.5300000e+02   0.0000000e+00   8.4333333e-01   3.2200000e+02   7.7590922e+01
   0.0000000e+00   4.7000000e+01   2.5300000e+02   0.0000000e+00   8.4333333e-01   4.8900000e+02   7.7110472e+01
   0.0000000e+00   4.7000000e+01   2.5300000e+02   0.0000000e+00   8.4333333e-01   7.4400000e+02   7.7011123e+01
   0.0000000e+00   4.7000000e+01   2.5300000e+02   0.0000000e+00   8.4333333e-01   1.0220000e+03   7.6978628e+01
   0.0000000e+00   4.7000000e+01   2.5300000e+02   0.0000000e+00   8.4333333e-01   4.6900000e+02   7.6818485e+01
   0.0000000e+00   4.7000000e+01   2.5300000e+02   0.0000000e+00   8.4333333e-01   6.0600000e+02   7.7302217e+01
   0.0000000e+00   4.7000000e+01   2.5300000e+02   0.0000000e+00   8.4333333e-01   6.8200000e+02   7.7538123e+01
   0.0000000e+00   4.7000000e+01   2.5300000e+02   0.0000000e+00   8.4333333e-01   5.2400000e+02   7.7861406e+01
   0.0000000e+00   4.7000000e+01   2.5300000e+02   0.0000000e+00   8.4333333e-01   5.6100000e+02   7.7149146e+01
   0.0000000e+00   4.7000000e+01   2.5300000e+02   0.0000000e+00   8.4333333e-01   5.2400000e+02   7.7810844e+01
   0.0000000e+00   4.7000000e+01   2.5300000e+02   0.0000000e+00   8.4333333e-01   1.6890000e+03   7.7472661e+01
   0.0000000e+00   4.7000000e+01   2.5300000e+02   0.0000000e+00   8.4333333e-01   1.5480000e+03   7.6823997e+01
   0.0000000e+00   4.7000000e+01   2.5300000e+02   0.0000000e+00   8.4333333e-01   9.6500000e+02   7.7384540e+01
   0.0000000e+00   4.7000000e+01   2.5200000e+02   1.0000000e+00   8.4000000e-01   4.6800000e+02   7.7758698e+01
   0.0000000e+00   4.7000000e+01   2.5300000e+02   0.0000000e+00   8.4333333e-01   1.6310000e+03   7.6908982e+01
   0.0000000e+00   4.7000000e+01   2.5300000e+02   0.0000000e+00   8.4333333e-01   2.3030000e+03   7.7316302e+01
   0.0000000e+00   4.7000000e+01   2.5300000e+02   0.0000000e+00   8.4333333e-01   4.1200000e+02   7.7780482e+01
   0.0000000e+00   4.7000000e+01   2.5300000e+02   0.0000000e+00   8.4333333e-01   4.6200000e+02   7.7131322e+01
   0.0000000e+00   4.7000000e+01   2.5300000e+02   0.0000000e+00   8.4333333e-01   3.2400000e+02   7.7850414e+01
   0.0000000e+00   4.7000000e+01   2.5200000e+02   1.0000000e+00   8.4000000e-01   6.7400000e+02   7.7200157e+01
   0.0000000e+00   4.7000000e+01   2.5300000e+02   0.0000000e+00   8.4333333e-01   5.0800000e+02   7.5968243e+01
   0.0000000e+00   4.7000000e+01   2.5300000e+02   0.0000000e+00   8.4333333e-01   5.5300000e+02   7.7366204e+01
   0.0000000e+00   4.7000000e+01   2.5300000e+02   0.0000000e+00   8.4333333e-01   1.3760000e+03   7.7229900e+01
   0.0000000e+00   4.7000000e+01   2.5300000e+02   0.0000000e+00   8.4333333e-01   1.3460000e+03   7.7536396e+01
   0.0000000e+00   4.7000000e+01   2.5300000e+02   0.0000000e+00   8.4333333e-01   5.9300000e+02   7.7346517e+01
   0.0000000e+00   4.7000000e+01   2.5300000e+02   0.0000000e+00   8.4333333e-01   5.4300000e+02   7.8367013e+01
   0.0000000e+00   4.7000000e+01   2.5300000e+02   0.0000000e+00   8.4333333e-01   8.5000000e+02   7.7501236e+01
   0.0000000e+00   4.7000000e+01   2.5300000e+02   0.0000000e+00   8.4333333e-01   6.0600000e+02   7.7135688e+01
   0.0000000e+00   4.7000000e+01   2.5300000e+02   0.0000000e+00   8.4333333e-01   6.7200000e+02   7.7292882e+01
   0.0000000e+00   4.7000000e+01   2.5300000e+02   0.0000000e+00   8.4333333e-01   3.4000000e+02   7.7482098e+01
   0.0000000e+00   4.7000000e+01   2.5300000e+02   0.0000000e+00   8.4333333e-01   7.1900000e+02   7.7085450e+01
   0.0000000e+00   4.7000000e+01   2.5300000e+02   0.0000000e+00   8.4333333e-01   6.3700000e+02   7.7314688e+01
   0.0000000e+00   4.7000000e+01   2.5300000e+02   0.0000000e+00   8.4333333e-01   1.5800000e+03   7.7389324e+01
   0.0000000e+00   4.7000000e+01   2.5300000e+02   0.0000000e+00   8.4333333e-01   1.1480000e+03   7.7310578e+01
   0.0000000e+00   4.7000000e+01   2.5300000e+02   0.0000000e+00   8.4333333e-01   1.6700000e+03   7.7458373e+01
   0.0000000e+00   4.7000000e+01   2.5300000e+02   0.0000000e+00   8.4333333e-01   1.0900000e+03   7.7267646e+01
   0.0000000e+00   4.7000000e+01   2.5300000e+02   0.0000000e+00   8.4333333e-01   3.1300000e+02   7.7727371e+01
   0.0000000e+00   4.7000000e+01   2.5300000e+02   0.0000000e+00   8.4333333e-01   5.7700000e+02   7.7512734e+01
   0.0000000e+00   4.7000000e+01   2.5300000e+02   0.0000000e+00   8.4333333e-01   1.0120000e+03   7.7180176e+01
   0.0000000e+00   4.7000000e+01   2.5300000e+02   0.0000000e+00   8.4333333e-01   5.0000000e+02   7.7956133e+01
   0.0000000e+00   4.7000000e+01   2.5300000e+02   0.0000000e+00   8.4333333e-01   1.0220000e+03   7.7755318e+01
   0.0000000e+00   4.7000000e+01   2.5300000e+02   0.0000000e+00   8.4333333e-01   1.6410000e+03   7.7554822e+01
   0.0000000e+00   4.7000000e+01   2.5300000e+02   0.0000000e+00   8.4333333e-01   3.5100000e+02   7.7680241e+01
   0.0000000e+00   4.7000000e+01   2.5300000e+02   0.0000000e+00   8.4333333e-01   5.2000000e+02   7.7523130e+01
