   0.0000000e+00   5.0000000e+01   2.5000000e+02   0.0000000e+00   8.3333333e-01   1.2040000e+03   7.9009093e+01
   0.0000000e+00   5.0000000e+01   2.5000000e+02   0.0000000e+00   8.3333333e-01   7.1000000e+02   7.7842005e+01
   3.0000000e+00   4.7000000e+01   2.4500000e+02   5.0000000e+00   8.2666667e-01   3.4400000e+02   8.1031114e+01
   0.0000000e+00   5.0000000e+01   2.5000000e+02   0.0000000e+00   8.3333333e-01   1.4220000e+03   7.8351513e+01
   0.0000000e+00   5.0000000e+01   2.4900000e+02   1.0000000e+00   8.3000000e-01   5.5300000e+02   7.7985325e+01
   0.0000000e+00   5.0000000e+01   2.4900000e+02   1.0000000e+00   8.3000000e-01   1.8930000e+03   7.7895299e+01
   2.0000000e+00   4.8000000e+01   2.4500000e+02   5.0000000e+00   8.2333333e-01   1.0390000e+03   8.1218169e+01
   1.0000000e+00   4.9000000e+01   2.4800000e+02   2.0000000e+00   8.3000000e-01   7.3100000e+02   7.8207846e+01
   0.0000000e+00   5.0000000e+01   2.5000000e+02   0.0000000e+00   8.3333333e-01   8.9900000e+02   7.9695520e+01
   0.0000000e+00   5.0000000e+01   2.5000000e+02   0.0000000e+00   8.3333333e-01   9.7800000e+02   7.9594415e+01
   0.0000000e+00   5.0000000e+01   2.5000000e+02   0.0000000e+00   8.3333333e-01   4.0500000e+02   8.0369781e+01
   0.0000000e+00   5.0000000e+01   2.4900000e+02   1.0000000e+00   8.3000000e-01   7.0200000e+02   7.9055968e+01
   2.0000000e+00   4.8000000e+01   2.4500000e+02   5.0000000e+00   8.2333333e-01   4.0200000e+02   8.1155903e+01
   0.0000000e+00   5.0000000e+01   2.5000000e+02   0.0000000e+00   8.3333333e-01   3.6100000e+02   7.8433950e+01
   1.0000000e+00   4.9000000e+01   2.4800000e+02   2.0000000e+00   8.3000000e-01   5.1500000e+02   8.0338880e+01
   0.0000000e+00   5.0000000e+01   2.5000000e+02   0.0000000e+00   8.3333333e-01   7.2400000e+02   7.8189938e+01
   0.0000000e+00   5.0000000e+01   2.5000000e+02   0.0000000e+00   8.3333333e-01   1.3230000e+03   7.9280511e+01
   0.0000000e+00   5.0000000e+01   2.5000000e+02   0.0000000e+00   8.3333333e-01   8.6500000e+02   7.9757506e+01
   0.0000000e+00   5.0000000e+01   2.5000000e+02   0.0000000e+00   8.3333333e-01   2.6800000e+02   7.9992685e+01
   0.0000000e+00   5.0000000e+01   2.5000000e+02   0.0000000e+00   8.3333333e-01   5.7000000e+02   8.0855802e+01
   0.0000000e+00   5.0000000e+01   2.5000000e+02   0.0000000e+00   8.3333333e-01   2.9500000e+02   8.0353470e+01
   0.0000000e+00   5.0000000e+01   2.5000000e+02   0.0000000e+00   8.3333333e-01   1.8600000e+03   7.7752023e+01
   0.0000000e+00   5.0000000e+01   2.5000000e+02   0.0000000e+00   8.3333333e-01   1.2130000e+03   7.9479316e+01
   0.0000000e+00   5.0000000e+01   2.5000000e+02   0.0000000e+00   8.3333333e-01   6.2400000e+02   7.8251415e+01
   0.0000000e+00   5.0000000e+01   2.5000000e+02   0.0000000e+00   8.3333333e-01   5.0900000e+02   7.8088846e+01
   0.0000000e+00   5.0000000e+01   2.5000000e+02   0.0000000e+00   8.3333333e-01   9.1300000e+02   7.7813915e+01
   0.0000000e+00   5.0000000e+01   2.5000000e+02   0.0000000e+00   8.3333333e-01   2.1390000e+03   7.8818156e+01
   0.0000000e+00   5.0000000e+01   2.5000000e+02   0.0000000e+00   8.3333333e-01   3.1300000e+02   7.9126353e+01
   1.0000000e+00   4.9000000e+01   2.4800000e+02   2.0000000e+00   8.3000000e-01   3.3500000e+02   8.1034627e+01
   1.0000000e+00   4.9000000e+01   2.4900000e+02   1.0000000e+00   8.3333333e-01   9.8800000e+02   7.9433748e+01
   0.0000000e+00   5.0000000e+01   2.5000000e+02   0.0000000e+00   8.3333333e-01   1.5930000e+03   7.7402032e+01
   0.0000000e+00   5.0000000e+01   2.4900000e+02   1.0000000e+00   8.3000000e-01   2.6800000e+02   8.0587754e+01
   0.0000000e+00   5.0000000e+01   2.5000000e+02   0.0000000e+00   8.3333333e-01   3.9700000e+02   8.0630388e+01
   5.0000000e+00   4.5000000e+01   2.4800000e+02   2.0000000e+00   8.4333333e-01   1.0590000e+03   7.8461119e+01
   0.0000000e+00   5.0000000e+01   2.4900000e+02   1.0000000e+00   8.3000000e-01   4.3200000e+02   7.8451177e+01
   0.0000000e+00   5.0000000e+01   2.5000000e+02   0.0000000e+00   8.3333333e-01   6.0100000e+02   7.8201019e+01
   0.0000000e+00   5.0000000e+01   2.5000000e+02   0.0000000e+00   8.3333333e-01   3.2900000e+02   8.0119589e+01
   0.0000000e+00   5.0000000e+01   2.5000000e+02   0.0000000e+00   8.3333333e-01   8.2000000e+02   8.0068916e+01
   1.0000000e+00   4.9000000e+01   2.4900000e+02   1.0000000e+00   8.3333333e-01   8.9100000e+02   7.8752781e+01
   0.0000000e+00   5.0000000e+01   2.5000000e+02   0.0000000e+00   8.3333333e-01   3.6200000e+02   8.0000231e+01
   0.0000000e+00   5.0000000e+01   2.5000000e+02   0.0000000e+00   8.3333333e-01   5.2000000e+02   8.0406724e+01
   0.0000000e+00   5.0000000e+01   2.5000000e+02   0.0000000e+00   8.3333333e-01   1.5220000e+03   7.9010645e+01
   1.0000000e+00   4.9000000e+01   2.4900000e+02   1.0000000e+00   8.3333333e-01   1.4360000e+03   7.9545480e+01
   0.0000000e+00   5.0000000e+01   2.4900000e+02   1.0000000e+00   8.3000000e-01   7.1500000e+02   7.8020682e+01
   0.0000000e+00   5.0000000e+01   2.5000000e+02   0.0000000e+00   8.3333333e-01   5.2800000e+02   8.0326589e+01
   0.0000000e+00   5.0000000e+01   2.5000000e+02   0.0000000e+00   8.3333333e-01   9.0100000e+02   7.8590492e+01
   1.0000000e+00   4.9000000e+01   2.4900000e+02   1.0000000e+00   8.3333333e-01   5.4000000e+02   8.0128275e+01
   0.0000000e+00   5.0000000e+01   2.5000000e+02   0.0000000e+00   8.3333333e-01   1.0470000e+03   7.8999524e+01
   1.0000000e+00   4.9000000e+01   2.4800000e+02   2.0000000e+00   8.3000000e-01   4.4800000e+02   8.0254627e+01
   0.0000000e+00   5.0000000e+01   2.5000000e+02   0.0000000e+00   8.3333333e-01   6.6600000e+02   7.8356489e+01
   0.0000000e+00   5.0000000e+01   2.5000000e+02   0.0000000e+00   8.3333333e-01   4.3000000e+02   7.9991647e+01
   0.0000000e+00   5.0000000e+01   2.4900000e+02   1.0000000e+00   8.3000000e-01   3.1900000e+02   7.9306185e+01
   0.0000000e+00   5.0000000e+01   2.4900000e+02   1.0000000e+00   8.3000000e-01   9.7800000e+02   8.0198479e+01
   4.0000000e+00   4.6000000e+01   2.4100000e+02   9.0000000e+00   8.1666667e-01   1.0240000e+03   8.1407134e+01
   0.0000000e+00   5.0000000e+01   2.4900000e+02   1.0000000e+00   8.3000000e-01   4.3100000e+02   8.0919917e+01
   1.0000000e+00   4.9000000e+01   2.4800000e+02   2.0000000e+00   8.3000000e-01   6.1100000e+02   8.0922299e+01
   2.0000000e+00   4.8000000e+01   2.4600000e+02   4.0000000e+00   8.2666667e-01   1.3340000e+03   7.8763167e+01
   0.0000000e+00   5.0000000e+01   2.4900000e+02   1.0000000e+00   8.3000000e-01   5.8100000e+02   7.8167703e+01
   0.0000000e+00   5.0000000e+01   2.4800000e+02   2.0000000e+00   8.2666667e-01   4.2000000e+02   8.0267118e+01
   0.0000000e+00   5.0000000e+01   2.5000000e+02   0.0000000e+00   8.3333333e-01   1.0640000e+03   7.9011237e+01
   0.0000000e+00   5.0000000e+01   2.5000000e+02   0.0000000e+00   8.3333333e-01   9.1000000e+02   7.9710437e+01
   0.0000000e+00   5.0000000e+01   2.5000000e+02   0.0000000e+00   8.3333333e-01   9.5800000e+02   7.8246359e+01
   0.0000000e+00   5.0000000e+01   2.4900000e+02   1.0000000e+00   8.3000000e-01   8.8300000e+02   7.7582642e+01
   0.0000000e+00   5.0000000e+01   2.5000000e+02   0.0000000e+00   8.3333333e-01   1.1330000e+03   7.9273148e+01
   0.0000000e+00   5.0000000e+01   2.4900000e+02   1.0000000e+00   8.3000000e-01   4.1900000e+02   7.9390624e+01
   0.0000000e+00   5.0000000e+01   2.5000000e+02   0.0000000e+00   8.3333333e-01   6.7100000e+02   7.8063766e+01
   0.0000000e+00   5.0000000e+01   2.5000000e+02   0.0000000e+00   8.3333333e-01   5.2000000e+02   7.8634695e+01
   0.0000000e+00   5.0000000e+01   2.5000000e+02   0.0000000e+00   8.3333333e-01   2.6900000e+02   8.1258383e+01
   0.0000000e+00   5.0000000e+01   2.5000000e+02   0.0000000e+00   8.3333333e-01   9.1300000e+02   8.0886431e+01
   1.0000000e+00   4.9000000e+01   2.4800000e+02   2.0000000e+00   8.3000000e-01   3.1600000e+02   8.0541790e+01
   0.0000000e+00   5.0000000e+01   2.5000000e+02   0.0000000e+00   8.3333333e-01   4.5900000e+02   8.0308387e+01
   0.0000000e+00   5.0000000e+01   2.4900000e+02   1.0000000e+00   8.3000000e-01   5.0700000e+02   8.0211664e+01
   0.0000000e+00   5.0000000e+01   2.5000000e+02   0.0000000e+00   8.3333333e-01   5.7800000e+02   7.8849191e+01
   0.0000000e+00   5.0000000e+01   2.4900000e+02   1.0000000e+00   8.3000000e-01   9.7500000e+02   7.8300701e+01
   1.0000000e+00   4.9000000e+01   2.4700000e+02   3.0000000e+00   8.2666667e-01   4.8200000e+02   8.0886965e+01
   0.0000000e+00   5.0000000e+01   2.5000000e+02   0.0000000e+00   8.3333333e-01   4.6600000e+02   7.9450666e+01
   0.0000000e+00   5.0000000e+01   2.5000000e+02   0.0000000e+00   8.3333333e-01   3.9000000e+02   7.9573741e+01
   2.0000000e+00   4.8000000e+01   2.4700000e+02   3.0000000e+00   8.3000000e-01   1.1510000e+03   8.1464744e+01
   0.0000000e+00   5.0000000e+01   2.4900000e+02   1.0000000e+00   8.3000000e-01   3.7600000e+02   8.0282602e+01
   0.0000000e+00   5.0000000e+01   2.4900000e+02   1.0000000e+00   8.3000000e-01   4.7400000e+02   8.0092810e+01
   2.0000000e+00   4.8000000e+01   2.4700000e+02   3.0000000e+00   8.3000000e-01   1.9780000e+03   7.9710784e+01
   0.0000000e+00   5.0000000e+01   2.5000000e+02   0.0000000e+00   8.3333333e-01   7.7900000e+02   7.9829989e+01
   0.0000000e+00   5.0000000e+01   2.5000000e+02   0.0000000e+00   8.3333333e-01   3.7000000e+02   7.9698278e+01
   0.0000000e+00   5.0000000e+01   2.5000000e+02   0.0000000e+00   8.3333333e-01   2.0070000e+03   7.8130780e+01
   0.0000000e+00   5.0000000e+01   2.5000000e+02   0.0000000e+00   8.3333333e-01   5.1000000e+02   7.9510160e+01
   1.0000000e+00   4.9000000e+01   2.4800000e+02   2.0000000e+00   8.3000000e-01   3.4200000e+02   7.9507144e+01
   0.0000000e+00   5.0000000e+01   2.5000000e+02   0.0000000e+00   8.3333333e-01   4.4200000e+02   7.8322901e+01
   0.0000000e+00   5.0000000e+01   2.5000000e+02   0.0000000e+00   8.3333333e-01   1.4290000e+03   7.8949629e+01
   0.0000000e+00   5.0000000e+01   2.5000000e+02   0.0000000e+00   8.3333333e-01   4.2600000e+02   7.9073677e+01
   1.0000000e+00   4.9000000e+01   2.4800000e+02   2.0000000e+00   8.3000000e-01   1.3450000e+03   8.0377655e+01
   0.0000000e+00   5.0000000e+01   2.5000000e+02   0.0000000e+00   8.3333333e-01   9.5500000e+02   7.8265454e+01
   1.0000000e+00   4.9000000e+01   2.4900000e+02   1.0000000e+00   8.3333333e-01   7.8400000e+02   7.9166808e+01
   0.0000000e+00   5.0000000e+01   2.5000000e+02   0.0000000e+00   8.3333333e-01   5.5500000e+02   8.0307734e+01
   0.0000000e+00   5.0000000e+01   2.5000000e+02   0.0000000e+00   8.3333333e-01   7.3700000e+02   7.8382351e+01
   3.0000000e+00   4.7000000e+01   2.4500000e+02   5.0000000e+00   8.2666667e-01   7.3000000e+02   7.8829685e+01
   0.0000000e+00   5.0000000e+01   2.4900000e+02   1.0000000e+00   8.3000000e-01   4.7200000e+02   7.9964290e+01
   1.0000000e+00   4.9000000e+01   2.4800000e+02   2.0000000e+00   8.3000000e-01   3.7400000e+02   7.9952106e+01
   2.0000000e+00   4.8000000e+01   2.4500000e+02   5.0000000e+00   8.2333333e-01   6.5300000e+02   8.2039616e+01
   0.0000000e+00   5.0000000e+01   2.5000000e+02   0.0000000e+00   8.3333333e-01   3.9700000e+02   7.9746329e+01
   0.0000000e+00   5.0000000e+01   2.5000000e+02   0.0000000e+00   8.3333333e-01   5.8100000e+02   7.8435125e+01
