   0.0000000e+00   2.8000000e+01   2.7200000e+02   0.0000000e+00   9.0666667e-01   4.7700000e+02   4.7531935e+01
   0.0000000e+00   2.8000000e+01   2.7200000e+02   0.0000000e+00   9.0666667e-01   1.9400000e+02   4.8021461e+01
   0.0000000e+00   2.8000000e+01   2.7200000e+02   0.0000000e+00   9.0666667e-01   7.5200000e+02   4.9220590e+01
   0.0000000e+00   2.8000000e+01   2.7200000e+02   0.0000000e+00   9.0666667e-01   6.0200000e+02   4.8694751e+01
   1.0000000e+00   2.7000000e+01   2.7200000e+02   0.0000000e+00   9.1000000e-01   4.3400000e+02   4.9163514e+01
   0.0000000e+00   2.8000000e+01   2.7200000e+02   0.0000000e+00   9.0666667e-01   5.7300000e+02   4.8804163e+01
   1.0000000e+00   2.7000000e+01   2.7200000e+02   0.0000000e+00   9.1000000e-01   7.3200000e+02   4.6722928e+01
   0.0000000e+00   2.8000000e+01   2.7200000e+02   0.0000000e+00   9.0666667e-01   5.7200000e+02   4.5967021e+01
   1.0000000e+00   2.7000000e+01   2.7200000e+02   0.0000000e+00   9.1000000e-01   5.0700000e+02   4.8449868e+01
   0.0000000e+00   2.8000000e+01   2.7200000e+02   0.0000000e+00   9.0666667e-01   3.0800000e+02   4.7273939e+01
   1.0000000e+00   2.7000000e+01   2.7100000e+02   1.0000000e+00   9.0666667e-01   3.9200000e+02   4.6129893e+01
   1.0000000e+00   2.7000000e+01   2.7200000e+02   0.0000000e+00   9.1000000e-01   4.5600000e+02   4.9382946e+01
   0.0000000e+00   2.8000000e+01   2.7200000e+02   0.0000000e+00   9.0666667e-01   5.9200000e+02   4.8930308e+01
   0.0000000e+00   2.8000000e+01   2.7200000e+02   0.0000000e+00   9.0666667e-01   4.1000000e+02   4.8686658e+01
   0.0000000e+00   2.8000000e+01   2.7200000e+02   0.0000000e+00   9.0666667e-01   2.2800000e+02   4.8593989e+01
   1.0000000e+00   2.7000000e+01   2.7200000e+02   0.0000000e+00   9.1000000e-01   7.7300000e+02   4.6247294e+01
   0.0000000e+00   2.8000000e+01   2.7200000e+02   0.0000000e+00   9.0666667e-01   2.6200000e+02   4.6736028e+01
   0.0000000e+00   2.8000000e+01   2.7200000e+02   0.0000000e+00   9.0666667e-01   4.7200000e+02   4.8380839e+01
   0.0000000e+00   2.8000000e+01   2.7200000e+02   0.0000000e+00   9.0666667e-01   3.5400000e+02   4.9352979e+01
   0.0000000e+00   2.8000000e+01   2.7200000e+02   0.0000000e+00   9.0666667e-01   5.5400000e+02   4.8939654e+01
   0.0000000e+00   2.8000000e+01   2.7200000e+02   0.0000000e+00   9.0666667e-01   2.4100000e+02   4.8687938e+01
   0.0000000e+00   2.8000000e+01   2.7200000e+02   0.0000000e+00   9.0666667e-01   4.8400000e+02   4.6287783e+01
   0.0000000e+00   2.8000000e+01   2.7200000e+02   0.0000000e+00   9.0666667e-01   1.8200000e+02   4.7721524e+01
   0.0000000e+00   2.8000000e+01   2.7200000e+02   0.0000000e+00   9.0666667e-01   4.3800000e+02   4.8972327e+01
   0.0000000e+00   2.8000000e+01   2.7200000e+02   0.0000000e+00   9.0666667e-01   2.8200000e+02   4.8785634e+01
   0.0000000e+00   2.8000000e+01   2.7200000e+02   0.0000000e+00   9.0666667e-01   8.7600000e+02   4.8641062e+01
   0.0000000e+00   2.8000000e+01   2.7200000e+02   0.0000000e+00   9.0666667e-01   4.4700000e+02   4.7551122e+01
   0.0000000e+00   2.8000000e+01   2.7200000e+02   0.0000000e+00   9.0666667e-01   5.2400000e+02   4.8998972e+01
   0.0000000e+00   2.8000000e+01   2.7200000e+02   0.0000000e+00   9.0666667e-01   3.7600000e+02   4.6317146e+01
   1.0000000e+00   2.7000000e+01   2.7200000e+02   0.0000000e+00   9.1000000e-01   5.6400000e+02   4.6914943e+01
   0.0000000e+00   2.8000000e+01   2.7200000e+02   0.0000000e+00   9.0666667e-01   5.5900000e+02   4.9509055e+01
   0.0000000e+00   2.8000000e+01   2.7200000e+02   0.0000000e+00   9.0666667e-01   3.0800000e+02   4.7339151e+01
   0.0000000e+00   2.8000000e+01   2.7200000e+02   0.0000000e+00   9.0666667e-01   4.9600000e+02   4.7252704e+01
   0.0000000e+00   2.8000000e+01   2.7200000e+02   0.0000000e+00   9.0666667e-01   2.4500000e+02   4.8630849e+01
   0.0000000e+00   2.8000000e+01   2.7200000e+02   0.0000000e+00   9.0666667e-01   2.9300000e+02   4.6790302e+01
   1.0000000e+00   2.7000000e+01   2.7200000e+02   0.0000000e+00   9.1000000e-01   4.7800000e+02   4.8173720e+01
   0.0000000e+00   2.8000000e+01   2.7200000e+02   0.0000000e+00   9.0666667e-01   6.1400000e+02   4.9253044e+01
   0.0000000e+00   2.8000000e+01   2.7200000e+02   0.0000000e+00   9.0666667e-01   5.2100000e+02   4.8722835e+01
   1.0000000e+00   2.7000000e+01   2.7200000e+02   0.0000000e+00   9.1000000e-01   1.8700000e+02   4.7686157e+01
   0.0000000e+00   2.8000000e+01   2.7200000e+02   0.0000000e+00   9.0666667e-01   4.6400000e+02   4.7471163e+01
   0.0000000e+00   2.8000000e+01   2.7200000e+02   0.0000000e+00   9.0666667e-01   5.9500000e+02   4.6823975e+01
   0.0000000e+00   2.8000000e+01   2.7200000e+02   0.0000000e+00   9.0666667e-01   7.6700000e+02   4.8821777e+01
   0.0000000e+00   2.8000000e+01   2.7200000e+02   0.0000000e+00   9.0666667e-01   7.5600000e+02   4.9133416e+01
   0.0000000e+00   2.8000000e+01   2.7200000e+02   0.0000000e+00   9.0666667e-01   3.2200000e+02   4.9960738e+01
   0.0000000e+00   2.8000000e+01   2.7200000e+02   0.0000000e+00   9.0666667e-01   1.0690000e+03   4.8825451e+01
   0.0000000e+00   2.8000000e+01   2.7200000e+02   0.0000000e+00   9.0666667e-01   3.6900000e+02   4.7807672e+01
   0.0000000e+00   2.8000000e+01   2.7200000e+02   0.0000000e+00   9.0666667e-01   7.3300000e+02   4.8807060e+01
   1.0000000e+00   2.7000000e+01   2.7200000e+02   0.0000000e+00   9.1000000e-01   3.9300000e+02   4.7079665e+01
   1.0000000e+00   2.7000000e+01   2.7200000e+02   0.0000000e+00   9.1000000e-01   6.4900000e+02   4.5890245e+01
   0.0000000e+00   2.8000000e+01   2.7200000e+02   0.0000000e+00   9.0666667e-01   6.2100000e+02   4.7381067e+01
   0.0000000e+00   2.8000000e+01   2.7200000e+02   0.0000000e+00   9.0666667e-01   4.1800000e+02   4.8680934e+01
   1.0000000e+00   2.7000000e+01   2.7200000e+02   0.0000000e+00   9.1000000e-01   2.5900000e+02   4.9521203e+01
   0.0000000e+00   2.8000000e+01   2.7200000e+02   0.0000000e+00   9.0666667e-01   4.2600000e+02   4.7964222e+01
   1.0000000e+00   2.7000000e+01   2.7200000e+02   0.0000000e+00   9.1000000e-01   2.2300000e+02   4.6776156e+01
   0.0000000e+00   2.8000000e+01   2.7200000e+02   0.0000000e+00   9.0666667e-01   2.2000000e+02   4.7806047e+01
   0.0000000e+00   2.8000000e+01   2.7200000e+02   0.0000000e+00   9.0666667e-01   3.6800000e+02   4.9957505e+01
   0.0000000e+00   2.8000000e+01   2.7200000e+02   0.0000000e+00   9.0666667e-01   4.4900000e+02   4.9169034e+01
   0.0000000e+00   2.8000000e+01   2.7200000e+02   0.0000000e+00   9.0666667e-01   3.8300000e+02   4.8925956e+01
   0.0000000e+00   2.8000000e+01   2.7200000e+02   0.0000000e+00   9.0666667e-01   9.2500000e+02   4.8267678e+01
   0.0000000e+00   2.8000000e+01   2.7200000e+02   0.0000000e+00   9.0666667e-01   7.2100000e+02   4.9091621e+01
   0.0000000e+00   2.8000000e+01   2.7200000e+02   0.0000000e+00   9.0666667e-01   4.9900000e+02   4.8903170e+01
   0.0000000e+00   2.8000000e+01   2.7200000e+02   0.0000000e+00   9.0666667e-01   3.7200000e+02   4.9446994e+01
   0.0000000e+00   2.8000000e+01   2.7200000e+02   0.0000000e+00   9.0666667e-01   7.3300000e+02   4.8869995e+01
   0.0000000e+00   2.8000000e+01   2.7200000e+02   0.0000000e+00   9.0666667e-01   4.0500000e+02   4.6975268e+01
   0.0000000e+00   2.8000000e+01   2.7200000e+02   0.0000000e+00   9.0666667e-01   5.0300000e+02   4.8268331e+01
   0.0000000e+00   2.8000000e+01   2.7200000e+02   0.0000000e+00   9.0666667e-01   5.3200000e+02   4.6275905e+01
   0.0000000e+00   2.8000000e+01   2.7200000e+02   0.0000000e+00   9.0666667e-01   4.8600000e+02   4.8920923e+01
   0.0000000e+00   2.8000000e+01   2.7200000e+02   0.0000000e+00   9.0666667e-01   1.2850000e+03   4.9016728e+01
   3.0000000e+00   2.5000000e+01   2.7200000e+02   0.0000000e+00   9.1666667e-01   3.7100000e+02   4.6965282e+01
   0.0000000e+00   2.8000000e+01   2.7200000e+02   0.0000000e+00   9.0666667e-01   1.0790000e+03   4.9544231e+01
   0.0000000e+00   2.8000000e+01   2.7200000e+02   0.0000000e+00   9.0666667e-01   2.8800000e+02   4.7697732e+01
   0.0000000e+00   2.8000000e+01   2.7200000e+02   0.0000000e+00   9.0666667e-01   4.9800000e+02   4.8989080e+01
   0.0000000e+00   2.8000000e+01   2.7200000e+02   0.0000000e+00   9.0666667e-01   6.4000000e+02   4.9057717e+01
   1.0000000e+00   2.7000000e+01   2.7200000e+02   0.0000000e+00   9.1000000e-01   4.3000000e+02   4.6865974e+01
   1.0000000e+00   2.7000000e+01   2.7200000e+02   0.0000000e+00   9.1000000e-01   4.6000000e+02   4.8540070e+01
   0.0000000e+00   2.8000000e+01   2.7200000e+02   0.0000000e+00   9.0666667e-01   5.9700000e+02   4.8884517e+01
   0.0000000e+00   2.8000000e+01   2.7200000e+02   0.0000000e+00   9.0666667e-01   4.5100000e+02   4.8714404e+01
   1.0000000e+00   2.7000000e+01   2.7200000e+02   0.0000000e+00   9.1000000e-01   3.5100000e+02   4.6355424e+01
   0.0000000e+00   2.8000000e+01   2.7200000e+02   0.0000000e+00   9.0666667e-01   1.1820000e+03   4.8666441e+01
   0.0000000e+00   2.8000000e+01   2.7200000e+02   0.0000000e+00   9.0666667e-01   3.9300000e+02   4.9678931e+01
   0.0000000e+00   2.8000000e+01   2.7200000e+02   0.0000000e+00   9.0666667e-01   1.0480000e+03   4.9593212e+01
   0.0000000e+00   2.8000000e+01   2.7200000e+02   0.0000000e+00   9.0666667e-01   4.3900000e+02   4.7010711e+01
   0.0000000e+00   2.8000000e+01   2.7200000e+02   0.0000000e+00   9.0666667e-01   4.4600000e+02   4.7791089e+01
   0.0000000e+00   2.8000000e+01   2.7200000e+02   0.0000000e+00   9.0666667e-01   2.2100000e+02   4.6970429e+01
   0.0000000e+00   2.8000000e+01   2.7200000e+02   0.0000000e+00   9.0666667e-01   2.3000000e+02   4.7288350e+01
   1.0000000e+00   2.7000000e+01   2.7200000e+02   0.0000000e+00   9.1000000e-01   3.9600000e+02   4.7501545e+01
   0.0000000e+00   2.8000000e+01   2.7200000e+02   0.0000000e+00   9.0666667e-01   2.6800000e+02   4.8828280e+01
   0.0000000e+00   2.8000000e+01   2.7200000e+02   0.0000000e+00   9.0666667e-01   9.7300000e+02   4.8650950e+01
   1.0000000e+00   2.7000000e+01   2.7200000e+02   0.0000000e+00   9.1000000e-01   1.7800000e+02   4.8214346e+01
   0.0000000e+00   2.8000000e+01   2.7200000e+02   0.0000000e+00   9.0666667e-01   6.2400000e+02   4.9042222e+01
   0.0000000e+00   2.8000000e+01   2.7200000e+02   0.0000000e+00   9.0666667e-01   4.1100000e+02   4.8754048e+01
   0.0000000e+00   2.8000000e+01   2.7200000e+02   0.0000000e+00   9.0666667e-01   7.9000000e+02   4.8340782e+01
   1.0000000e+00   2.7000000e+01   2.7200000e+02   0.0000000e+00   9.1000000e-01   4.2400000e+02   4.6339144e+01
   0.0000000e+00   2.8000000e+01   2.7200000e+02   0.0000000e+00   9.0666667e-01   4.6100000e+02   4.8425014e+01
   0.0000000e+00   2.8000000e+01   2.7200000e+02   0.0000000e+00   9.0666667e-01   4.5600000e+02   4.8156647e+01
   0.0000000e+00   2.8000000e+01   2.7200000e+02   0.0000000e+00   9.0666667e-01   4.6800000e+02   4.7214073e+01
   0.0000000e+00   2.8000000e+01   2.7200000e+02   0.0000000e+00   9.0666667e-01   5.5800000e+02   4.6972424e+01
   1.0000000e+00   2.7000000e+01   2.7200000e+02   0.0000000e+00   9.1000000e-01   2.4800000e+02   4.7171567e+01
   0.0000000e+00   2.8000000e+01   2.7200000e+02   0.0000000e+00   9.0666667e-01   2.3600000e+02   4.7112855e+01
   1.0000000e+00   2.7000000e+01   2.7200000e+02   0.0000000e+00   9.1000000e-01   6.5800000e+02   4.6219244e+01
