   1.0000000e+00   2.7000000e+01   2.7200000e+02   0.0000000e+00   9.1000000e-01   2.8100000e+02   4.6755951e+01
   0.0000000e+00   2.8000000e+01   2.7200000e+02   0.0000000e+00   9.0666667e-01   7.0300000e+02   4.6161089e+01
   0.0000000e+00   2.8000000e+01   2.7200000e+02   0.0000000e+00   9.0666667e-01   2.6500000e+02   4.6644869e+01
   0.0000000e+00   2.8000000e+01   2.7200000e+02   0.0000000e+00   9.0666667e-01   1.9200000e+02   4.8998426e+01
   0.0000000e+00   2.8000000e+01   2.7200000e+02   0.0000000e+00   9.0666667e-01   9.5600000e+02   4.6141031e+01
   0.0000000e+00   2.8000000e+01   2.7200000e+02   0.0000000e+00   9.0666667e-01   2.4300000e+02   4.7364544e+01
   0.0000000e+00   2.8000000e+01   2.7200000e+02   0.0000000e+00   9.0666667e-01   2.9300000e+02   4.8489824e+01
   0.0000000e+00   2.8000000e+01   2.7200000e+02   0.0000000e+00   9.0666667e-01   1.0930000e+03   4.5795233e+01
   1.0000000e+00   2.7000000e+01   2.7100000e+02   1.0000000e+00   9.0666667e-01   3.8700000e+02   4.6429209e+01
   0.0000000e+00   2.8000000e+01   2.7200000e+02   0.0000000e+00   9.0666667e-01   3.0900000e+02   4.6373378e+01
   0.0000000e+00   2.8000000e+01   2.7200000e+02   0.0000000e+00   9.0666667e-01   2.4100000e+02   4.6444401e+01
   1.0000000e+00   2.7000000e+01   2.7200000e+02   0.0000000e+00   9.1000000e-01   2.8700000e+02   4.6786769e+01
   0.0000000e+00   2.8000000e+01   2.7200000e+02   0.0000000e+00   9.0666667e-01   2.1400000e+02   4.9013141e+01
   1.0000000e+00   2.7000000e+01   2.7200000e+02   0.0000000e+00   9.1000000e-01   3.8400000e+02   4.6287344e+01
   2.0000000e+00   2.6000000e+01   2.7100000e+02   1.0000000e+00   9.1000000e-01   7.1100000e+02   4.5587732e+01
   1.0000000e+00   2.7000000e+01   2.7200000e+02   0.0000000e+00   9.1000000e-01   3.4500000e+02   4.9132868e+01
   0.0000000e+00   2.8000000e+01   2.7200000e+02   0.0000000e+00   9.0666667e-01   5.0900000e+02   4.6688955e+01
   0.0000000e+00   2.8000000e+01   2.7200000e+02   0.0000000e+00   9.0666667e-01   7.6500000e+02   4.8428705e+01
   0.0000000e+00   2.8000000e+01   2.7200000e+02   0.0000000e+00   9.0666667e-01   6.4500000e+02   4.8426028e+01
   0.0000000e+00   2.8000000e+01   2.7200000e+02   0.0000000e+00   9.0666667e-01   4.9100000e+02   4.6540000e+01
   0.0000000e+00   2.8000000e+01   2.7200000e+02   0.0000000e+00   9.0666667e-01   2.2300000e+02   4.7067453e+01
   0.0000000e+00   2.8000000e+01   2.7200000e+02   0.0000000e+00   9.0666667e-01   2.4200000e+02   4.9641240e+01
   0.0000000e+00   2.8000000e+01   2.7200000e+02   0.0000000e+00   9.0666667e-01   2.6700000e+02   4.9749544e+01
   2.0000000e+00   2.6000000e+01   2.7200000e+02   0.0000000e+00   9.1333333e-01   1.6150000e+03   4.4926314e+01
   0.0000000e+00   2.8000000e+01   2.7200000e+02   0.0000000e+00   9.0666667e-01   3.8000000e+02   4.7492358e+01
   1.0000000e+00   2.7000000e+01   2.7200000e+02   0.0000000e+00   9.1000000e-01   3.3900000e+02   4.7494068e+01
   0.0000000e+00   2.8000000e+01   2.7200000e+02   0.0000000e+00   9.0666667e-01   1.9350000e+03   4.6196940e+01
   0.0000000e+00   2.8000000e+01   2.7200000e+02   0.0000000e+00   9.0666667e-01   1.2390000e+03   4.6586903e+01
   0.0000000e+00   2.8000000e+01   2.7200000e+02   0.0000000e+00   9.0666667e-01   9.9100000e+02   4.6268699e+01
   0.0000000e+00   2.8000000e+01   2.7200000e+02   0.0000000e+00   9.0666667e-01   2.8800000e+02   4.7818615e+01
   0.0000000e+00   2.8000000e+01   2.7200000e+02   0.0000000e+00   9.0666667e-01   4.2000000e+02   4.8669831e+01
   0.0000000e+00   2.8000000e+01   2.7200000e+02   0.0000000e+00   9.0666667e-01   5.4900000e+02   4.8755478e+01
   0.0000000e+00   2.8000000e+01   2.7200000e+02   0.0000000e+00   9.0666667e-01   7.3100000e+02   4.8363525e+01
   0.0000000e+00   2.8000000e+01   2.7200000e+02   0.0000000e+00   9.0666667e-01   4.0400000e+02   4.6410830e+01
   0.0000000e+00   2.8000000e+01   2.7200000e+02   0.0000000e+00   9.0666667e-01   4.9400000e+02   4.6429033e+01
   0.0000000e+00   2.8000000e+01   2.7200000e+02   0.0000000e+00   9.0666667e-01   6.0400000e+02   4.5973775e+01
   0.0000000e+00   2.8000000e+01   2.7200000e+02   0.0000000e+00   9.0666667e-01   2.5500000e+02   4.6315403e+01
   0.0000000e+00   2.8000000e+01   2.7200000e+02   0.0000000e+00   9.0666667e-01   6.2000000e+02   4.8825284e+01
   1.0000000e+00   2.7000000e+01   2.7000000e+02   2.0000000e+00   9.0333333e-01   6.8300000e+02   4.5962376e+01
   3.0000000e+00   2.5000000e+01   2.7200000e+02   0.0000000e+00   9.1666667e-01   5.0800000e+02   4.6163158e+01
   0.0000000e+00   2.8000000e+01   2.7200000e+02   0.0000000e+00   9.0666667e-01   5.9700000e+02   4.8873854e+01
   0.0000000e+00   2.8000000e+01   2.7200000e+02   0.0000000e+00   9.0666667e-01   5.4600000e+02   4.7975424e+01
   0.0000000e+00   2.8000000e+01   2.7200000e+02   0.0000000e+00   9.0666667e-01   5.9000000e+02   4.6644455e+01
   0.0000000e+00   2.8000000e+01   2.7200000e+02   0.0000000e+00   9.0666667e-01   3.8400000e+02   4.7715572e+01
   0.0000000e+00   2.8000000e+01   2.7100000e+02   1.0000000e+00   9.0333333e-01   1.2050000e+03   4.5103458e+01
   0.0000000e+00   2.8000000e+01   2.7200000e+02   0.0000000e+00   9.0666667e-01   8.4100000e+02   4.6395810e+01
   0.0000000e+00   2.8000000e+01   2.7200000e+02   0.0000000e+00   9.0666667e-01   2.3900000e+02   4.8630305e+01
   0.0000000e+00   2.8000000e+01   2.7200000e+02   0.0000000e+00   9.0666667e-01   7.0100000e+02   4.8757821e+01
   0.0000000e+00   2.8000000e+01   2.7200000e+02   0.0000000e+00   9.0666667e-01   4.9900000e+02   4.8358056e+01
   0.0000000e+00   2.8000000e+01   2.7200000e+02   0.0000000e+00   9.0666667e-01   4.4700000e+02   4.7418409e+01
   1.0000000e+00   2.7000000e+01   2.7200000e+02   0.0000000e+00   9.1000000e-01   6.3200000e+02   4.5896258e+01
   1.0000000e+00   2.7000000e+01   2.7200000e+02   0.0000000e+00   9.1000000e-01   6.5300000e+02   4.5649007e+01
   0.0000000e+00   2.8000000e+01   2.7200000e+02   0.0000000e+00   9.0666667e-01   4.5100000e+02   4.8839702e+01
   1.0000000e+00   2.7000000e+01   2.7200000e+02   0.0000000e+00   9.1000000e-01   4.9800000e+02   4.6851093e+01
   0.0000000e+00   2.8000000e+01   2.7200000e+02   0.0000000e+00   9.0666667e-01   7.7400000e+02   4.8383937e+01
   0.0000000e+00   2.8000000e+01   2.7200000e+02   0.0000000e+00   9.0666667e-01   6.1700000e+02   4.8004569e+01
   0.0000000e+00   2.8000000e+01   2.7200000e+02   0.0000000e+00   9.0666667e-01   7.8100000e+02   4.6195758e+01
   0.0000000e+00   2.8000000e+01   2.7200000e+02   0.0000000e+00   9.0666667e-01   2.7000000e+02   4.7680900e+01
   1.0000000e+00   2.7000000e+01   2.7200000e+02   0.0000000e+00   9.1000000e-01   4.2700000e+02   4.8388932e+01
   0.0000000e+00   2.8000000e+01   2.7200000e+02   0.0000000e+00   9.0666667e-01   3.4300000e+02   4.6435535e+01
   1.0000000e+00   2.7000000e+01   2.7200000e+02   0.0000000e+00   9.1000000e-01   3.6200000e+02   4.6084354e+01
   0.0000000e+00   2.8000000e+01   2.7200000e+02   0.0000000e+00   9.0666667e-01   1.6000000e+02   4.9100504e+01
   0.0000000e+00   2.8000000e+01   2.7200000e+02   0.0000000e+00   9.0666667e-01   3.8000000e+02   4.7456166e+01
   0.0000000e+00   2.8000000e+01   2.7200000e+02   0.0000000e+00   9.0666667e-01   4.2400000e+02   4.6078389e+01
   0.0000000e+00   2.8000000e+01   2.7200000e+02   0.0000000e+00   9.0666667e-01   2.5000000e+02   4.7440193e+01
   1.0000000e+00   2.7000000e+01   2.7200000e+02   0.0000000e+00   9.1000000e-01   6.0700000e+02   4.5778155e+01
   2.0000000e+00   2.6000000e+01   2.7100000e+02   1.0000000e+00   9.1000000e-01   2.0000000e+02   4.8701471e+01
   0.0000000e+00   2.8000000e+01   2.7200000e+02   0.0000000e+00   9.0666667e-01   4.3500000e+02   4.8871549e+01
   0.0000000e+00   2.8000000e+01   2.7200000e+02   0.0000000e+00   9.0666667e-01   3.5200000e+02   4.9003126e+01
   0.0000000e+00   2.8000000e+01   2.7200000e+02   0.0000000e+00   9.0666667e-01   4.8500000e+02   4.8989316e+01
   3.0000000e+00   2.5000000e+01   2.6900000e+02   3.0000000e+00   9.0666667e-01   7.6700000e+02   4.6120564e+01
   0.0000000e+00   2.8000000e+01   2.7200000e+02   0.0000000e+00   9.0666667e-01   4.3600000e+02   4.6386930e+01
   0.0000000e+00   2.8000000e+01   2.7200000e+02   0.0000000e+00   9.0666667e-01   2.9900000e+02   4.6659012e+01
   0.0000000e+00   2.8000000e+01   2.7200000e+02   0.0000000e+00   9.0666667e-01   3.1900000e+02   4.7628284e+01
   0.0000000e+00   2.8000000e+01   2.7200000e+02   0.0000000e+00   9.0666667e-01   3.1200000e+02   4.6257636e+01
   1.0000000e+00   2.7000000e+01   2.7200000e+02   0.0000000e+00   9.1000000e-01   2.3500000e+02   4.7103616e+01
   0.0000000e+00   2.8000000e+01   2.7200000e+02   0.0000000e+00   9.0666667e-01   7.3600000e+02   4.8523390e+01
   0.0000000e+00   2.8000000e+01   2.7200000e+02   0.0000000e+00   9.0666667e-01   2.9800000e+02   4.7479107e+01
   1.0000000e+00   2.7000000e+01   2.7200000e+02   0.0000000e+00   9.1000000e-01   4.0200000e+02   4.8409139e+01
   0.0000000e+00   2.8000000e+01   2.7200000e+02   0.0000000e+00   9.0666667e-01   8.2300000e+02   4.8564105e+01
   0.0000000e+00   2.8000000e+01   2.7200000e+02   0.0000000e+00   9.0666667e-01   4.4600000e+02   4.6888843e+01
   1.0000000e+00   2.7000000e+01   2.7200000e+02   0.0000000e+00   9.1000000e-01   2.9100000e+02   4.6855576e+01
   2.0000000e+00   2.6000000e+01   2.7000000e+02   2.0000000e+00   9.0666667e-01   2.6900000e+02   4.8688007e+01
   0.0000000e+00   2.8000000e+01   2.7200000e+02   0.0000000e+00   9.0666667e-01   4.8600000e+02   4.9115930e+01
   0.0000000e+00   2.8000000e+01   2.7200000e+02   0.0000000e+00   9.0666667e-01   4.0900000e+02   4.6483122e+01
   1.0000000e+00   2.7000000e+01   2.7200000e+02   0.0000000e+00   9.1000000e-01   2.5600000e+02   4.7497302e+01
   1.0000000e+00   2.7000000e+01   2.7200000e+02   0.0000000e+00   9.1000000e-01   9.2700000e+02   4.6064565e+01
   0.0000000e+00   2.8000000e+01   2.7200000e+02   0.0000000e+00   9.0666667e-01   7.6100000e+02   4.9864350e+01
   0.0000000e+00   2.8000000e+01   2.7200000e+02   0.0000000e+00   9.0666667e-01   7.2200000e+02   4.7493641e+01
   0.0000000e+00   2.8000000e+01   2.7200000e+02   0.0000000e+00   9.0666667e-01   4.9300000e+02   4.8057199e+01
   1.0000000e+00   2.7000000e+01   2.7200000e+02   0.0000000e+00   9.1000000e-01   2.4700000e+02   4.6865223e+01
   0.0000000e+00   2.8000000e+01   2.7200000e+02   0.0000000e+00   9.0666667e-01   4.2700000e+02   4.8761476e+01
   1.0000000e+00   2.7000000e+01   2.7200000e+02   0.0000000e+00   9.1000000e-01   7.8400000e+02   4.6395760e+01
   0.0000000e+00   2.8000000e+01   2.7200000e+02   0.0000000e+00   9.0666667e-01   2.2800000e+02   4.7855797e+01
   0.0000000e+00   2.8000000e+01   2.7200000e+02   0.0000000e+00   9.0666667e-01   6.7500000e+02   4.9194198e+01
   0.0000000e+00   2.8000000e+01   2.7200000e+02   0.0000000e+00   9.0666667e-01   4.6000000e+02   4.8712816e+01
   0.0000000e+00   2.8000000e+01   2.7200000e+02   0.0000000e+00   9.0666667e-01   9.2300000e+02   4.6864191e+01
   0.0000000e+00   2.8000000e+01   2.7200000e+02   0.0000000e+00   9.0666667e-01   7.4400000e+02   4.8154249e+01
   1.0000000e+00   2.7000000e+01   2.7200000e+02   0.0000000e+00   9.1000000e-01   3.8700000e+02   4.9062067e+01
   1.0000000e+00   2.7000000e+01   2.7200000e+02   0.0000000e+00   9.1000000e-01   3.8200000e+02   4.6149763e+01
