   0.0000000e+00   2.8000000e+01   2.7200000e+02   0.0000000e+00   9.0666667e-01   2.0500000e+02   4.9166707e+01
   0.0000000e+00   2.8000000e+01   2.7200000e+02   0.0000000e+00   9.0666667e-01   3.7600000e+02   4.9685663e+01
   0.0000000e+00   2.8000000e+01   2.7200000e+02   0.0000000e+00   9.0666667e-01   6.8700000e+02   5.0177356e+01
   0.0000000e+00   2.8000000e+01   2.7200000e+02   0.0000000e+00   9.0666667e-01   1.2530000e+03   5.0110090e+01
   0.0000000e+00   2.8000000e+01   2.7200000e+02   0.0000000e+00   9.0666667e-01   1.2070000e+03   5.0051171e+01
   0.0000000e+00   2.8000000e+01   2.7200000e+02   0.0000000e+00   9.0666667e-01   3.9400000e+02   4.9283446e+01
   0.0000000e+00   2.8000000e+01   2.7200000e+02   0.0000000e+00   9.0666667e-01   4.6800000e+02   4.9158783e+01
   0.0000000e+00   2.8000000e+01   2.7200000e+02   0.0000000e+00   9.0666667e-01   3.4300000e+02   4.9873935e+01
   0.0000000e+00   2.8000000e+01   2.7200000e+02   0.0000000e+00   9.0666667e-01   8.4300000e+02   5.0058788e+01
   0.0000000e+00   2.8000000e+01   2.7200000e+02   0.0000000e+00   9.0666667e-01   9.1400000e+02   4.9958465e+01
   0.0000000e+00   2.8000000e+01   2.7200000e+02   0.0000000e+00   9.0666667e-01   2.8700000e+02   4.9293773e+01
   0.0000000e+00   2.8000000e+01   2.7200000e+02   0.0000000e+00   9.0666667e-01   5.1900000e+02   4.9804223e+01
   0.0000000e+00   2.8000000e+01   2.7200000e+02   0.0000000e+00   9.0666667e-01   3.6400000e+02   4.9220375e+01
   0.0000000e+00   2.8000000e+01   2.7200000e+02   0.0000000e+00   9.0666667e-01   3.2600000e+02   4.9345704e+01
   0.0000000e+00   2.8000000e+01   2.7200000e+02   0.0000000e+00   9.0666667e-01   1.8300000e+02   5.0030305e+01
   0.0000000e+00   2.8000000e+01   2.7200000e+02   0.0000000e+00   9.0666667e-01   3.6600000e+02   4.9083558e+01
   0.0000000e+00   2.8000000e+01   2.7200000e+02   0.0000000e+00   9.0666667e-01   2.8800000e+02   4.9243560e+01
   0.0000000e+00   2.8000000e+01   2.7200000e+02   0.0000000e+00   9.0666667e-01   4.8600000e+02   4.9388166e+01
   0.0000000e+00   2.8000000e+01   2.7200000e+02   0.0000000e+00   9.0666667e-01   3.3600000e+02   4.9512345e+01
   0.0000000e+00   2.8000000e+01   2.7200000e+02   0.0000000e+00   9.0666667e-01   2.7400000e+02   4.9045714e+01
   0.0000000e+00   2.8000000e+01   2.7200000e+02   0.0000000e+00   9.0666667e-01   1.7100000e+02   4.9667722e+01
   0.0000000e+00   2.8000000e+01   2.7200000e+02   0.0000000e+00   9.0666667e-01   5.0200000e+02   4.9139843e+01
   0.0000000e+00   2.8000000e+01   2.7200000e+02   0.0000000e+00   9.0666667e-01   2.9700000e+02   4.9997767e+01
   0.0000000e+00   2.8000000e+01   2.7200000e+02   0.0000000e+00   9.0666667e-01   1.4600000e+02   5.0197349e+01
   0.0000000e+00   2.8000000e+01   2.7200000e+02   0.0000000e+00   9.0666667e-01   2.6200000e+02   4.9677373e+01
   0.0000000e+00   2.8000000e+01   2.7200000e+02   0.0000000e+00   9.0666667e-01   2.4000000e+02   4.9043254e+01
   0.0000000e+00   2.8000000e+01   2.7200000e+02   0.0000000e+00   9.0666667e-01   2.3400000e+02   5.0155563e+01
   0.0000000e+00   2.8000000e+01   2.7200000e+02   0.0000000e+00   9.0666667e-01   2.2100000e+02   4.9775618e+01
   0.0000000e+00   2.8000000e+01   2.7200000e+02   0.0000000e+00   9.0666667e-01   4.3700000e+02   5.0071966e+01
   0.0000000e+00   2.8000000e+01   2.7200000e+02   0.0000000e+00   9.0666667e-01   3.9800000e+02   4.9334053e+01
   0.0000000e+00   2.8000000e+01   2.7200000e+02   0.0000000e+00   9.0666667e-01   7.2900000e+02   5.0063660e+01
   0.0000000e+00   2.8000000e+01   2.7200000e+02   0.0000000e+00   9.0666667e-01   3.6100000e+02   4.8905035e+01
   0.0000000e+00   2.8000000e+01   2.7200000e+02   0.0000000e+00   9.0666667e-01   2.9000000e+02   4.9113791e+01
   0.0000000e+00   2.8000000e+01   2.7200000e+02   0.0000000e+00   9.0666667e-01   6.2200000e+02   4.9581687e+01
   0.0000000e+00   2.8000000e+01   2.7200000e+02   0.0000000e+00   9.0666667e-01   3.6400000e+02   4.9342578e+01
   0.0000000e+00   2.8000000e+01   2.7200000e+02   0.0000000e+00   9.0666667e-01   3.4100000e+02   4.9339146e+01
   0.0000000e+00   2.8000000e+01   2.7200000e+02   0.0000000e+00   9.0666667e-01   4.4600000e+02   4.9281072e+01
   0.0000000e+00   2.8000000e+01   2.7200000e+02   0.0000000e+00   9.0666667e-01   2.9400000e+02   4.9521063e+01
   0.0000000e+00   2.8000000e+01   2.7200000e+02   0.0000000e+00   9.0666667e-01   2.8800000e+02   4.9189568e+01
   0.0000000e+00   2.8000000e+01   2.7200000e+02   0.0000000e+00   9.0666667e-01   5.1400000e+02   4.9864198e+01
   0.0000000e+00   2.8000000e+01   2.7200000e+02   0.0000000e+00   9.0666667e-01   2.2300000e+02   5.0326140e+01
   0.0000000e+00   2.8000000e+01   2.7200000e+02   0.0000000e+00   9.0666667e-01   3.8500000e+02   4.9405711e+01
   0.0000000e+00   2.8000000e+01   2.7200000e+02   0.0000000e+00   9.0666667e-01   7.5200000e+02   5.0152492e+01
   0.0000000e+00   2.8000000e+01   2.7200000e+02   0.0000000e+00   9.0666667e-01   2.3000000e+02   5.0200838e+01
   0.0000000e+00   2.8000000e+01   2.7200000e+02   0.0000000e+00   9.0666667e-01   2.8500000e+02   4.8668177e+01
   0.0000000e+00   2.8000000e+01   2.7200000e+02   0.0000000e+00   9.0666667e-01   2.4500000e+02   4.9760363e+01
   0.0000000e+00   2.8000000e+01   2.7200000e+02   0.0000000e+00   9.0666667e-01   2.7800000e+02   4.9787907e+01
   0.0000000e+00   2.8000000e+01   2.7200000e+02   0.0000000e+00   9.0666667e-01   3.2200000e+02   4.9913298e+01
   0.0000000e+00   2.8000000e+01   2.7200000e+02   0.0000000e+00   9.0666667e-01   1.9100000e+02   5.0641174e+01
   0.0000000e+00   2.8000000e+01   2.7200000e+02   0.0000000e+00   9.0666667e-01   2.1100000e+02   5.0478214e+01
   0.0000000e+00   2.8000000e+01   2.7200000e+02   0.0000000e+00   9.0666667e-01   1.7100000e+02   5.0037615e+01
   0.0000000e+00   2.8000000e+01   2.7200000e+02   0.0000000e+00   9.0666667e-01   3.1300000e+02   4.9147201e+01
   0.0000000e+00   2.8000000e+01   2.7200000e+02   0.0000000e+00   9.0666667e-01   2.3500000e+02   4.9657017e+01
   0.0000000e+00   2.8000000e+01   2.7200000e+02   0.0000000e+00   9.0666667e-01   1.7200000e+02   5.0766302e+01
   0.0000000e+00   2.8000000e+01   2.7200000e+02   0.0000000e+00   9.0666667e-01   7.8500000e+02   4.9267629e+01
   0.0000000e+00   2.8000000e+01   2.7200000e+02   0.0000000e+00   9.0666667e-01   1.7500000e+02   5.0142068e+01
   0.0000000e+00   2.8000000e+01   2.7200000e+02   0.0000000e+00   9.0666667e-01   4.0500000e+02   4.9017097e+01
   0.0000000e+00   2.8000000e+01   2.7200000e+02   0.0000000e+00   9.0666667e-01   1.9700000e+02   5.0635311e+01
   0.0000000e+00   2.8000000e+01   2.7200000e+02   0.0000000e+00   9.0666667e-01   4.0900000e+02   4.9565800e+01
   0.0000000e+00   2.8000000e+01   2.7200000e+02   0.0000000e+00   9.0666667e-01   5.0700000e+02   4.9467941e+01
   0.0000000e+00   2.8000000e+01   2.7200000e+02   0.0000000e+00   9.0666667e-01   1.7700000e+02   4.9493681e+01
   0.0000000e+00   2.8000000e+01   2.7200000e+02   0.0000000e+00   9.0666667e-01   5.1200000e+02   4.9182134e+01
   0.0000000e+00   2.8000000e+01   2.7200000e+02   0.0000000e+00   9.0666667e-01   3.4300000e+02   4.9356111e+01
   0.0000000e+00   2.8000000e+01   2.7200000e+02   0.0000000e+00   9.0666667e-01   3.2500000e+02   4.9466264e+01
   0.0000000e+00   2.8000000e+01   2.7200000e+02   0.0000000e+00   9.0666667e-01   2.7600000e+02   4.9120002e+01
   0.0000000e+00   2.8000000e+01   2.7200000e+02   0.0000000e+00   9.0666667e-01   2.9900000e+02   4.9012203e+01
   0.0000000e+00   2.8000000e+01   2.7200000e+02   0.0000000e+00   9.0666667e-01   4.3000000e+02   4.9229453e+01
   0.0000000e+00   2.8000000e+01   2.7200000e+02   0.0000000e+00   9.0666667e-01   2.2500000e+02   4.9449359e+01
   0.0000000e+00   2.8000000e+01   2.7200000e+02   0.0000000e+00   9.0666667e-01   2.0400000e+02   4.9731880e+01
   0.0000000e+00   2.8000000e+01   2.7200000e+02   0.0000000e+00   9.0666667e-01   2.4500000e+02   4.9131860e+01
   0.0000000e+00   2.8000000e+01   2.7200000e+02   0.0000000e+00   9.0666667e-01   2.6100000e+02   4.9986261e+01
   0.0000000e+00   2.8000000e+01   2.7200000e+02   0.0000000e+00   9.0666667e-01   4.5300000e+02   4.9321480e+01
   0.0000000e+00   2.8000000e+01   2.7200000e+02   0.0000000e+00   9.0666667e-01   1.0900000e+03   4.9411625e+01
   0.0000000e+00   2.8000000e+01   2.7200000e+02   0.0000000e+00   9.0666667e-01   3.0900000e+02   4.8951952e+01
   0.0000000e+00   2.8000000e+01   2.7200000e+02   0.0000000e+00   9.0666667e-01   2.0800000e+02   4.9336715e+01
   0.0000000e+00   2.8000000e+01   2.7200000e+02   0.0000000e+00   9.0666667e-01   2.1200000e+02   5.0078167e+01
   0.0000000e+00   2.8000000e+01   2.7200000e+02   0.0000000e+00   9.0666667e-01   4.9000000e+02   4.9192583e+01
   0.0000000e+00   2.8000000e+01   2.7200000e+02   0.0000000e+00   9.0666667e-01   3.8600000e+02   4.9240373e+01
   0.0000000e+00   2.8000000e+01   2.7200000e+02   0.0000000e+00   9.0666667e-01   5.5000000e+02   4.8974266e+01
   0.0000000e+00   2.8000000e+01   2.7200000e+02   0.0000000e+00   9.0666667e-01   3.7500000e+02   4.9308891e+01
   0.0000000e+00   2.8000000e+01   2.7200000e+02   0.0000000e+00   9.0666667e-01   3.0200000e+02   4.9108858e+01
   0.0000000e+00   2.8000000e+01   2.7200000e+02   0.0000000e+00   9.0666667e-01   3.3200000e+02   4.9306652e+01
   0.0000000e+00   2.8000000e+01   2.7200000e+02   0.0000000e+00   9.0666667e-01   2.4100000e+02   4.9075399e+01
   0.0000000e+00   2.8000000e+01   2.7200000e+02   0.0000000e+00   9.0666667e-01   5.7100000e+02   4.9565127e+01
   0.0000000e+00   2.8000000e+01   2.7200000e+02   0.0000000e+00   9.0666667e-01   3.7300000e+02   4.9379257e+01
   0.0000000e+00   2.8000000e+01   2.7200000e+02   0.0000000e+00   9.0666667e-01   2.0600000e+02   4.9109336e+01
   0.0000000e+00   2.8000000e+01   2.7200000e+02   0.0000000e+00   9.0666667e-01   2.9800000e+02   4.9321839e+01
   0.0000000e+00   2.8000000e+01   2.7200000e+02   0.0000000e+00   9.0666667e-01   6.6300000e+02   4.9906442e+01
   0.0000000e+00   2.8000000e+01   2.7200000e+02   0.0000000e+00   9.0666667e-01   4.1300000e+02   5.0449870e+01
   0.0000000e+00   2.8000000e+01   2.7200000e+02   0.0000000e+00   9.0666667e-01   7.2400000e+02   4.9961514e+01
   0.0000000e+00   2.8000000e+01   2.7200000e+02   0.0000000e+00   9.0666667e-01   3.1600000e+02   4.9136274e+01
   0.0000000e+00   2.8000000e+01   2.7200000e+02   0.0000000e+00   9.0666667e-01   8.1700000e+02   5.0051460e+01
   0.0000000e+00   2.8000000e+01   2.7200000e+02   0.0000000e+00   9.0666667e-01   3.2900000e+02   4.9509254e+01
   0.0000000e+00   2.8000000e+01   2.7200000e+02   0.0000000e+00   9.0666667e-01   2.4100000e+02   5.0032420e+01
   0.0000000e+00   2.8000000e+01   2.7200000e+02   0.0000000e+00   9.0666667e-01   4.0900000e+02   4.9475478e+01
   0.0000000e+00   2.8000000e+01   2.7200000e+02   0.0000000e+00   9.0666667e-01   3.7800000e+02   4.9192113e+01
   0.0000000e+00   2.8000000e+01   2.7200000e+02   0.0000000e+00   9.0666667e-01   3.4100000e+02   4.9296497e+01
   0.0000000e+00   2.8000000e+01   2.7200000e+02   0.0000000e+00   9.0666667e-01   4.4500000e+02   5.0329987e+01
   0.0000000e+00   2.8000000e+01   2.7200000e+02   0.0000000e+00   9.0666667e-01   2.8100000e+02   5.0595013e+01
   0.0000000e+00   2.8000000e+01   2.7200000e+02   0.0000000e+00   9.0666667e-01   1.9900000e+02   4.8740613e+01
