   2.0000000e+00   2.6000000e+01   2.7200000e+02   0.0000000e+00   9.1333333e-01   3.4200000e+02   4.4582330e+01
   2.0000000e+00   2.6000000e+01   2.7100000e+02   1.0000000e+00   9.1000000e-01   5.4500000e+02   4.5622630e+01
   2.0000000e+00   2.6000000e+01   2.7100000e+02   1.0000000e+00   9.1000000e-01   1.9000000e+02   4.6229766e+01
   2.0000000e+00   2.6000000e+01   2.7000000e+02   2.0000000e+00   9.0666667e-01   1.4020000e+03   4.4224396e+01
   0.0000000e+00   2.8000000e+01   2.7100000e+02   1.0000000e+00   9.0333333e-01   1.8100000e+02   4.5786201e+01
   0.0000000e+00   2.8000000e+01   2.7200000e+02   0.0000000e+00   9.0666667e-01   5.1900000e+02   4.9031384e+01
   2.0000000e+00   2.6000000e+01   2.7100000e+02   1.0000000e+00   9.1000000e-01   3.9300000e+02   4.7948077e+01
   1.0000000e+00   2.7000000e+01   2.7200000e+02   0.0000000e+00   9.1000000e-01   5.5000000e+02   4.5868747e+01
   2.0000000e+00   2.6000000e+01   2.7200000e+02   0.0000000e+00   9.1333333e-01   6.5400000e+02   4.4321223e+01
   0.0000000e+00   2.8000000e+01   2.7200000e+02   0.0000000e+00   9.0666667e-01   3.9200000e+02   4.6628810e+01
   0.0000000e+00   2.8000000e+01   2.7200000e+02   0.0000000e+00   9.0666667e-01   2.7200000e+02   4.8173665e+01
   0.0000000e+00   2.8000000e+01   2.7200000e+02   0.0000000e+00   9.0666667e-01   2.2600000e+02   4.8307758e+01
   3.0000000e+00   2.5000000e+01   2.7000000e+02   2.0000000e+00   9.1000000e-01   2.4200000e+02   4.5480597e+01
   1.0000000e+00   2.7000000e+01   2.7200000e+02   0.0000000e+00   9.1000000e-01   4.0100000e+02   4.6634310e+01
   0.0000000e+00   2.8000000e+01   2.7200000e+02   0.0000000e+00   9.0666667e-01   5.1900000e+02   4.5553722e+01
   2.0000000e+00   2.6000000e+01   2.7000000e+02   2.0000000e+00   9.0666667e-01   4.8300000e+02   4.4987021e+01
   1.0000000e+00   2.7000000e+01   2.7200000e+02   0.0000000e+00   9.1000000e-01   7.0600000e+02   4.4208130e+01
   3.0000000e+00   2.5000000e+01   2.7000000e+02   2.0000000e+00   9.1000000e-01   3.8100000e+02   4.5464042e+01
   1.0000000e+00   2.7000000e+01   2.7200000e+02   0.0000000e+00   9.1000000e-01   4.1800000e+02   4.5571115e+01
   3.0000000e+00   2.5000000e+01   2.7000000e+02   2.0000000e+00   9.1000000e-01   3.1400000e+02   4.4337302e+01
   2.0000000e+00   2.6000000e+01   2.7200000e+02   0.0000000e+00   9.1333333e-01   1.0520000e+03   4.4795666e+01
   2.0000000e+00   2.6000000e+01   2.7100000e+02   1.0000000e+00   9.1000000e-01   1.0320000e+03   4.4580786e+01
   0.0000000e+00   2.8000000e+01   2.7200000e+02   0.0000000e+00   9.0666667e-01   3.1300000e+02   4.6121356e+01
   0.0000000e+00   2.8000000e+01   2.7200000e+02   0.0000000e+00   9.0666667e-01   5.8700000e+02   4.5947819e+01
   4.0000000e+00   2.4000000e+01   2.7000000e+02   2.0000000e+00   9.1333333e-01   5.8100000e+02   4.3865752e+01
   2.0000000e+00   2.6000000e+01   2.7100000e+02   1.0000000e+00   9.1000000e-01   8.2200000e+02   4.4748908e+01
   1.0000000e+00   2.7000000e+01   2.7100000e+02   1.0000000e+00   9.0666667e-01   2.5200000e+02   4.7085496e+01
   2.0000000e+00   2.6000000e+01   2.7100000e+02   1.0000000e+00   9.1000000e-01   5.1800000e+02   4.5161776e+01
   3.0000000e+00   2.5000000e+01   2.7000000e+02   2.0000000e+00   9.1000000e-01   4.1000000e+02   4.5429617e+01
   2.0000000e+00   2.6000000e+01   2.7200000e+02   0.0000000e+00   9.1333333e-01   1.7350000e+03   4.3233671e+01
   1.0000000e+00   2.7000000e+01   2.7200000e+02   0.0000000e+00   9.1000000e-01   2.6100000e+02   4.7184918e+01
   0.0000000e+00   2.8000000e+01   2.7200000e+02   0.0000000e+00   9.0666667e-01   5.3100000e+02   4.5710858e+01
   1.0000000e+00   2.7000000e+01   2.7200000e+02   0.0000000e+00   9.1000000e-01   3.4400000e+02   4.6847664e+01
   2.0000000e+00   2.6000000e+01   2.7200000e+02   0.0000000e+00   9.1333333e-01   1.0850000e+03   4.5245163e+01
   0.0000000e+00   2.8000000e+01   2.7200000e+02   0.0000000e+00   9.0666667e-01   6.5900000e+02   4.5767778e+01
   2.0000000e+00   2.6000000e+01   2.7100000e+02   1.0000000e+00   9.1000000e-01   6.1300000e+02   4.5526092e+01
   1.0000000e+00   2.7000000e+01   2.7200000e+02   0.0000000e+00   9.1000000e-01   4.2100000e+02   4.4599403e+01
   3.0000000e+00   2.5000000e+01   2.7100000e+02   1.0000000e+00   9.1333333e-01   3.5000000e+02   4.5523798e+01
   0.0000000e+00   2.8000000e+01   2.7200000e+02   0.0000000e+00   9.0666667e-01   3.2600000e+02   4.6254418e+01
   2.0000000e+00   2.6000000e+01   2.7100000e+02   1.0000000e+00   9.1000000e-01   6.9800000e+02   4.5351446e+01
   1.0000000e+00   2.7000000e+01   2.7200000e+02   0.0000000e+00   9.1000000e-01   3.0600000e+02   4.5914729e+01
   0.0000000e+00   2.8000000e+01   2.7200000e+02   0.0000000e+00   9.0666667e-01   7.3400000e+02   4.9086732e+01
   2.0000000e+00   2.6000000e+01   2.6900000e+02   3.0000000e+00   9.0333333e-01   6.2700000e+02   4.4963024e+01
   3.0000000e+00   2.5000000e+01   2.7100000e+02   1.0000000e+00   9.1333333e-01   5.9800000e+02   4.3979200e+01
   2.0000000e+00   2.6000000e+01   2.7000000e+02   2.0000000e+00   9.0666667e-01   1.0960000e+03   4.4735953e+01
   4.0000000e+00   2.4000000e+01   2.7200000e+02   0.0000000e+00   9.2000000e-01   6.0200000e+02   4.4292909e+01
   3.0000000e+00   2.5000000e+01   2.7000000e+02   2.0000000e+00   9.1000000e-01   2.3200000e+02   4.6361181e+01
   2.0000000e+00   2.6000000e+01   2.7100000e+02   1.0000000e+00   9.1000000e-01   3.9600000e+02   4.4921523e+01
   2.0000000e+00   2.6000000e+01   2.7100000e+02   1.0000000e+00   9.1000000e-01   1.3370000e+03   4.4515597e+01
   1.0000000e+00   2.7000000e+01   2.7200000e+02   0.0000000e+00   9.1000000e-01   5.4800000e+02   4.6865999e+01
   0.0000000e+00   2.8000000e+01   2.7200000e+02   0.0000000e+00   9.0666667e-01   6.5500000e+02   4.5297666e+01
   2.0000000e+00   2.6000000e+01   2.7200000e+02   0.0000000e+00   9.1333333e-01   7.9100000e+02   4.5541295e+01
   2.0000000e+00   2.6000000e+01   2.7200000e+02   0.0000000e+00   9.1333333e-01   3.6000000e+02   4.5291102e+01
   2.0000000e+00   2.6000000e+01   2.7200000e+02   0.0000000e+00   9.1333333e-01   1.7270000e+03   4.3695440e+01
   0.0000000e+00   2.8000000e+01   2.7200000e+02   0.0000000e+00   9.0666667e-01   2.5400000e+02   4.7627078e+01
   3.0000000e+00   2.5000000e+01   2.7200000e+02   0.0000000e+00   9.1666667e-01   3.9200000e+02   4.5771447e+01
   2.0000000e+00   2.6000000e+01   2.7200000e+02   0.0000000e+00   9.1333333e-01   3.3300000e+02   4.7818065e+01
   0.0000000e+00   2.8000000e+01   2.7200000e+02   0.0000000e+00   9.0666667e-01   2.9600000e+02   4.6468103e+01
   0.0000000e+00   2.8000000e+01   2.7200000e+02   0.0000000e+00   9.0666667e-01   2.4500000e+02   4.8199156e+01
   2.0000000e+00   2.6000000e+01   2.7100000e+02   1.0000000e+00   9.1000000e-01   2.9000000e+02   4.6125194e+01
   0.0000000e+00   2.8000000e+01   2.7200000e+02   0.0000000e+00   9.0666667e-01   2.4600000e+02   4.8922345e+01
   3.0000000e+00   2.5000000e+01   2.7100000e+02   1.0000000e+00   9.1333333e-01   3.1200000e+02   4.6273094e+01
   1.0000000e+00   2.7000000e+01   2.7200000e+02   0.0000000e+00   9.1000000e-01   1.7700000e+02   4.8435643e+01
   2.0000000e+00   2.6000000e+01   2.7000000e+02   2.0000000e+00   9.0666667e-01   8.7400000e+02   4.4555115e+01
   0.0000000e+00   2.8000000e+01   2.7200000e+02   0.0000000e+00   9.0666667e-01   6.8200000e+02   4.6446363e+01
   1.0000000e+00   2.7000000e+01   2.7200000e+02   0.0000000e+00   9.1000000e-01   5.7800000e+02   4.4932051e+01
   1.0000000e+00   2.7000000e+01   2.7200000e+02   0.0000000e+00   9.1000000e-01   2.4700000e+02   4.5644827e+01
   0.0000000e+00   2.8000000e+01   2.7200000e+02   0.0000000e+00   9.0666667e-01   4.1000000e+02   4.5409892e+01
   1.0000000e+00   2.7000000e+01   2.7200000e+02   0.0000000e+00   9.1000000e-01   2.8200000e+02   4.6123939e+01
   2.0000000e+00   2.6000000e+01   2.7000000e+02   2.0000000e+00   9.0666667e-01   2.5200000e+02   4.7547752e+01
   2.0000000e+00   2.6000000e+01   2.7100000e+02   1.0000000e+00   9.1000000e-01   3.0900000e+02   4.6239151e+01
   0.0000000e+00   2.8000000e+01   2.7200000e+02   0.0000000e+00   9.0666667e-01   4.4000000e+02   4.5832990e+01
   2.0000000e+00   2.6000000e+01   2.7100000e+02   1.0000000e+00   9.1000000e-01   3.6500000e+02   4.5260186e+01
   2.0000000e+00   2.6000000e+01   2.7100000e+02   1.0000000e+00   9.1000000e-01   3.3500000e+02   4.6939560e+01
   1.0000000e+00   2.7000000e+01   2.7200000e+02   0.0000000e+00   9.1000000e-01   1.3550000e+03   4.5398446e+01
   2.0000000e+00   2.6000000e+01   2.7200000e+02   0.0000000e+00   9.1333333e-01   2.4800000e+02   4.6375703e+01
   1.0000000e+00   2.7000000e+01   2.7100000e+02   1.0000000e+00   9.0666667e-01   2.1500000e+02   4.6825584e+01
   3.0000000e+00   2.5000000e+01   2.7000000e+02   2.0000000e+00   9.1000000e-01   8.5900000e+02   4.3592259e+01
   0.0000000e+00   2.8000000e+01   2.7200000e+02   0.0000000e+00   9.0666667e-01   4.4400000e+02   4.6237579e+01
   1.0000000e+00   2.7000000e+01   2.7100000e+02   1.0000000e+00   9.0666667e-01   2.4900000e+02   4.6036179e+01
   0.0000000e+00   2.8000000e+01   2.7200000e+02   0.0000000e+00   9.0666667e-01   9.4900000e+02   4.5333147e+01
   1.0000000e+00   2.7000000e+01   2.7200000e+02   0.0000000e+00   9.1000000e-01   4.4200000e+02   4.5538111e+01
   2.0000000e+00   2.6000000e+01   2.7200000e+02   0.0000000e+00   9.1333333e-01   9.4200000e+02   4.5398889e+01
   0.0000000e+00   2.8000000e+01   2.7200000e+02   0.0000000e+00   9.0666667e-01   5.2500000e+02   4.5741934e+01
   3.0000000e+00   2.5000000e+01   2.7100000e+02   1.0000000e+00   9.1333333e-01   1.3400000e+03   4.2987521e+01
   2.0000000e+00   2.6000000e+01   2.7000000e+02   2.0000000e+00   9.0666667e-01   1.3810000e+03   4.4978202e+01
   0.0000000e+00   2.8000000e+01   2.7200000e+02   0.0000000e+00   9.0666667e-01   2.5500000e+02   4.7235083e+01
   2.0000000e+00   2.6000000e+01   2.7200000e+02   0.0000000e+00   9.1333333e-01   4.1300000e+02   4.5947154e+01
   2.0000000e+00   2.6000000e+01   2.7100000e+02   1.0000000e+00   9.1000000e-01   4.1200000e+02   4.5355949e+01
   2.0000000e+00   2.6000000e+01   2.7100000e+02   1.0000000e+00   9.1000000e-01   3.0800000e+02   4.6911229e+01
   1.0000000e+00   2.7000000e+01   2.7200000e+02   0.0000000e+00   9.1000000e-01   2.8100000e+02   4.9027515e+01
   1.0000000e+00   2.7000000e+01   2.7200000e+02   0.0000000e+00   9.1000000e-01   1.8300000e+02   4.7243492e+01
   1.0000000e+00   2.7000000e+01   2.7200000e+02   0.0000000e+00   9.1000000e-01   1.0350000e+03   4.6219862e+01
   0.0000000e+00   2.8000000e+01   2.7200000e+02   0.0000000e+00   9.0666667e-01   3.5600000e+02   4.9485035e+01
   2.0000000e+00   2.6000000e+01   2.7200000e+02   0.0000000e+00   9.1333333e-01   1.0370000e+03   4.5511611e+01
   2.0000000e+00   2.6000000e+01   2.7200000e+02   0.0000000e+00   9.1333333e-01   2.5900000e+02   4.5717055e+01
   0.0000000e+00   2.8000000e+01   2.7200000e+02   0.0000000e+00   9.0666667e-01   2.6600000e+02   4.5893607e+01
   0.0000000e+00   2.8000000e+01   2.7200000e+02   0.0000000e+00   9.0666667e-01   8.5300000e+02   4.5643554e+01
   1.0000000e+00   2.7000000e+01   2.7200000e+02   0.0000000e+00   9.1000000e-01   1.0270000e+03   4.4977767e+01
   2.0000000e+00   2.6000000e+01   2.7200000e+02   0.0000000e+00   9.1333333e-01   6.1000000e+02   4.4959996e+01
