   0.0000000e+00   1.9000000e+01   2.8100000e+02   0.0000000e+00   9.3666667e-01   3.8700000e+02   3.0737058e+01
   0.0000000e+00   1.9000000e+01   2.8100000e+02   0.0000000e+00   9.3666667e-01   4.6400000e+02   3.1795092e+01
   0.0000000e+00   1.9000000e+01   2.8100000e+02   0.0000000e+00   9.3666667e-01   2.0800000e+02   3.4412810e+01
   0.0000000e+00   1.9000000e+01   2.8100000e+02   0.0000000e+00   9.3666667e-01   2.7800000e+02   3.1468253e+01
   0.0000000e+00   1.9000000e+01   2.8100000e+02   0.0000000e+00   9.3666667e-01   4.6700000e+02   3.1478983e+01
   0.0000000e+00   1.9000000e+01   2.8100000e+02   0.0000000e+00   9.3666667e-01   2.6000000e+02   3.1324449e+01
   1.0000000e+00   1.8000000e+01   2.7900000e+02   2.0000000e+00   9.3333333e-01   3.1100000e+02   3.0867399e+01
   0.0000000e+00   1.9000000e+01   2.8100000e+02   0.0000000e+00   9.3666667e-01   3.0600000e+02   3.2596130e+01
   0.0000000e+00   1.9000000e+01   2.8100000e+02   0.0000000e+00   9.3666667e-01   1.6250000e+03   3.3193491e+01
   0.0000000e+00   1.9000000e+01   2.8100000e+02   0.0000000e+00   9.3666667e-01   1.9900000e+02   3.1918812e+01
   0.0000000e+00   1.9000000e+01   2.8100000e+02   0.0000000e+00   9.3666667e-01   1.4400000e+02   3.3278828e+01
   0.0000000e+00   1.9000000e+01   2.8100000e+02   0.0000000e+00   9.3666667e-01   4.0900000e+02   3.2202115e+01
   0.0000000e+00   1.9000000e+01   2.8100000e+02   0.0000000e+00   9.3666667e-01   4.5600000e+02   3.1331713e+01
   0.0000000e+00   1.9000000e+01   2.8100000e+02   0.0000000e+00   9.3666667e-01   3.1600000e+02   3.1829698e+01
   0.0000000e+00   1.9000000e+01   2.8100000e+02   0.0000000e+00   9.3666667e-01   2.1900000e+02   3.4362546e+01
   0.0000000e+00   1.9000000e+01   2.8100000e+02   0.0000000e+00   9.3666667e-01   3.1900000e+02   3.3104567e+01
   0.0000000e+00   1.9000000e+01   2.8100000e+02   0.0000000e+00   9.3666667e-01   2.2700000e+02   3.1073392e+01
   0.0000000e+00   1.9000000e+01   2.8100000e+02   0.0000000e+00   9.3666667e-01   2.6100000e+02   3.3809577e+01
   1.0000000e+00   1.8000000e+01   2.8000000e+02   1.0000000e+00   9.3666667e-01   2.3300000e+02   3.0699671e+01
   0.0000000e+00   1.9000000e+01   2.8100000e+02   0.0000000e+00   9.3666667e-01   4.9500000e+02   3.1662447e+01
   0.0000000e+00   1.9000000e+01   2.8100000e+02   0.0000000e+00   9.3666667e-01   7.0000000e+02   3.0955375e+01
   0.0000000e+00   1.9000000e+01   2.8100000e+02   0.0000000e+00   9.3666667e-01   2.0400000e+02   3.4100729e+01
   0.0000000e+00   1.9000000e+01   2.8100000e+02   0.0000000e+00   9.3666667e-01   2.0100000e+02   3.1332595e+01
   0.0000000e+00   1.9000000e+01   2.8100000e+02   0.0000000e+00   9.3666667e-01   1.8900000e+02   3.1885409e+01
   0.0000000e+00   1.9000000e+01   2.8100000e+02   0.0000000e+00   9.3666667e-01   7.3300000e+02   3.1235311e+01
   0.0000000e+00   1.9000000e+01   2.8100000e+02   0.0000000e+00   9.3666667e-01   2.7200000e+02   3.2353891e+01
   0.0000000e+00   1.9000000e+01   2.8100000e+02   0.0000000e+00   9.3666667e-01   1.7400000e+02   3.1401698e+01
   0.0000000e+00   1.9000000e+01   2.8100000e+02   0.0000000e+00   9.3666667e-01   4.8900000e+02   3.0842779e+01
   0.0000000e+00   1.9000000e+01   2.8100000e+02   0.0000000e+00   9.3666667e-01   4.5800000e+02   3.1347806e+01
   0.0000000e+00   1.9000000e+01   2.8100000e+02   0.0000000e+00   9.3666667e-01   3.2000000e+02   3.2776506e+01
   0.0000000e+00   1.9000000e+01   2.8100000e+02   0.0000000e+00   9.3666667e-01   2.9100000e+02   3.0910170e+01
   0.0000000e+00   1.9000000e+01   2.8100000e+02   0.0000000e+00   9.3666667e-01   8.6500000e+02   3.2003148e+01
   0.0000000e+00   1.9000000e+01   2.8100000e+02   0.0000000e+00   9.3666667e-01   2.4100000e+02   3.1806000e+01
   0.0000000e+00   1.9000000e+01   2.8100000e+02   0.0000000e+00   9.3666667e-01   2.8000000e+02   3.1264717e+01
   0.0000000e+00   1.9000000e+01   2.8100000e+02   0.0000000e+00   9.3666667e-01   1.0720000e+03   3.2130655e+01
   0.0000000e+00   1.9000000e+01   2.7900000e+02   2.0000000e+00   9.3000000e-01   3.2800000e+02   3.1030735e+01
   1.0000000e+00   1.8000000e+01   2.8000000e+02   1.0000000e+00   9.3666667e-01   4.4900000e+02   3.0606202e+01
   0.0000000e+00   1.9000000e+01   2.8100000e+02   0.0000000e+00   9.3666667e-01   3.6900000e+02   3.1777107e+01
   0.0000000e+00   1.9000000e+01   2.8100000e+02   0.0000000e+00   9.3666667e-01   3.6900000e+02   3.1356289e+01
   0.0000000e+00   1.9000000e+01   2.8100000e+02   0.0000000e+00   9.3666667e-01   3.4600000e+02   3.0849442e+01
   0.0000000e+00   1.9000000e+01   2.8100000e+02   0.0000000e+00   9.3666667e-01   2.7100000e+02   3.1018694e+01
   0.0000000e+00   1.9000000e+01   2.8100000e+02   0.0000000e+00   9.3666667e-01   5.2200000e+02   3.1249473e+01
   0.0000000e+00   1.9000000e+01   2.8100000e+02   0.0000000e+00   9.3666667e-01   1.9000000e+02   3.1395716e+01
   0.0000000e+00   1.9000000e+01   2.8100000e+02   0.0000000e+00   9.3666667e-01   2.9400000e+02   3.2436072e+01
   0.0000000e+00   1.9000000e+01   2.8100000e+02   0.0000000e+00   9.3666667e-01   2.3300000e+02   3.1587336e+01
   0.0000000e+00   1.9000000e+01   2.8100000e+02   0.0000000e+00   9.3666667e-01   5.0200000e+02   3.2586484e+01
   0.0000000e+00   1.9000000e+01   2.8100000e+02   0.0000000e+00   9.3666667e-01   3.7200000e+02   3.0924129e+01
   0.0000000e+00   1.9000000e+01   2.8100000e+02   0.0000000e+00   9.3666667e-01   6.9400000e+02   3.1621779e+01
   0.0000000e+00   1.9000000e+01   2.8100000e+02   0.0000000e+00   9.3666667e-01   6.2500000e+02   3.1005201e+01
   0.0000000e+00   1.9000000e+01   2.8100000e+02   0.0000000e+00   9.3666667e-01   2.3400000e+02   3.1149274e+01
   1.0000000e+00   1.8000000e+01   2.7900000e+02   2.0000000e+00   9.3333333e-01   2.2700000e+02   3.1509044e+01
   0.0000000e+00   1.9000000e+01   2.8100000e+02   0.0000000e+00   9.3666667e-01   8.6200000e+02   3.2067116e+01
   0.0000000e+00   1.9000000e+01   2.8100000e+02   0.0000000e+00   9.3666667e-01   2.2800000e+02   3.1747350e+01
   0.0000000e+00   1.9000000e+01   2.8100000e+02   0.0000000e+00   9.3666667e-01   5.4100000e+02   3.0943292e+01
   0.0000000e+00   1.9000000e+01   2.8100000e+02   0.0000000e+00   9.3666667e-01   1.9800000e+02   3.1466810e+01
   0.0000000e+00   1.9000000e+01   2.8100000e+02   0.0000000e+00   9.3666667e-01   1.6600000e+02   3.1790911e+01
   0.0000000e+00   1.9000000e+01   2.8100000e+02   0.0000000e+00   9.3666667e-01   2.9000000e+02   3.3585542e+01
   0.0000000e+00   1.9000000e+01   2.8100000e+02   0.0000000e+00   9.3666667e-01   3.0500000e+02   3.0661270e+01
   0.0000000e+00   1.9000000e+01   2.8100000e+02   0.0000000e+00   9.3666667e-01   1.2570000e+03   3.1944011e+01
   0.0000000e+00   1.9000000e+01   2.8100000e+02   0.0000000e+00   9.3666667e-01   9.7500000e+02   3.0906929e+01
   0.0000000e+00   1.9000000e+01   2.8100000e+02   0.0000000e+00   9.3666667e-01   2.9400000e+02   3.2946499e+01
   0.0000000e+00   1.9000000e+01   2.8100000e+02   0.0000000e+00   9.3666667e-01   2.7200000e+02   3.0938628e+01
   0.0000000e+00   1.9000000e+01   2.8000000e+02   1.0000000e+00   9.3333333e-01   5.1500000e+02   3.1812758e+01
   0.0000000e+00   1.9000000e+01   2.8100000e+02   0.0000000e+00   9.3666667e-01   3.3500000e+02   3.0597925e+01
   0.0000000e+00   1.9000000e+01   2.8000000e+02   1.0000000e+00   9.3333333e-01   2.1900000e+02   3.1179099e+01
   0.0000000e+00   1.9000000e+01   2.8100000e+02   0.0000000e+00   9.3666667e-01   3.8100000e+02   3.1119916e+01
   0.0000000e+00   1.9000000e+01   2.8100000e+02   0.0000000e+00   9.3666667e-01   7.5000000e+02   3.2524802e+01
   0.0000000e+00   1.9000000e+01   2.8100000e+02   0.0000000e+00   9.3666667e-01   2.4900000e+02   3.1616479e+01
   0.0000000e+00   1.9000000e+01   2.8100000e+02   0.0000000e+00   9.3666667e-01   2.3300000e+02   3.1383608e+01
   0.0000000e+00   1.9000000e+01   2.8100000e+02   0.0000000e+00   9.3666667e-01   3.1400000e+02   3.1231067e+01
   0.0000000e+00   1.9000000e+01   2.8100000e+02   0.0000000e+00   9.3666667e-01   5.5500000e+02   3.1337472e+01
   0.0000000e+00   1.9000000e+01   2.8100000e+02   0.0000000e+00   9.3666667e-01   3.9100000e+02   3.0785578e+01
   0.0000000e+00   1.9000000e+01   2.8100000e+02   0.0000000e+00   9.3666667e-01   6.9000000e+02   3.2914665e+01
   0.0000000e+00   1.9000000e+01   2.8100000e+02   0.0000000e+00   9.3666667e-01   3.6300000e+02   3.2027581e+01
   0.0000000e+00   1.9000000e+01   2.8000000e+02   1.0000000e+00   9.3333333e-01   1.6300000e+02   3.1778269e+01
   0.0000000e+00   1.9000000e+01   2.8100000e+02   0.0000000e+00   9.3666667e-01   2.8900000e+02   3.1990710e+01
   0.0000000e+00   1.9000000e+01   2.8100000e+02   0.0000000e+00   9.3666667e-01   5.9300000e+02   3.0866204e+01
   0.0000000e+00   1.9000000e+01   2.8100000e+02   0.0000000e+00   9.3666667e-01   4.1600000e+02   3.1858425e+01
   0.0000000e+00   1.9000000e+01   2.8100000e+02   0.0000000e+00   9.3666667e-01   3.3700000e+02   3.2207236e+01
   0.0000000e+00   1.9000000e+01   2.8100000e+02   0.0000000e+00   9.3666667e-01   4.3800000e+02   3.1360410e+01
   0.0000000e+00   1.9000000e+01   2.8100000e+02   0.0000000e+00   9.3666667e-01   1.5600000e+02   3.3754630e+01
   0.0000000e+00   1.9000000e+01   2.8100000e+02   0.0000000e+00   9.3666667e-01   3.5700000e+02   3.1843384e+01
   0.0000000e+00   1.9000000e+01   2.8100000e+02   0.0000000e+00   9.3666667e-01   4.2100000e+02   3.1852866e+01
   0.0000000e+00   1.9000000e+01   2.8100000e+02   0.0000000e+00   9.3666667e-01   2.8100000e+02   3.2403341e+01
   0.0000000e+00   1.9000000e+01   2.8100000e+02   0.0000000e+00   9.3666667e-01   3.3900000e+02   3.1158582e+01
   0.0000000e+00   1.9000000e+01   2.8100000e+02   0.0000000e+00   9.3666667e-01   3.8800000e+02   3.1568856e+01
   0.0000000e+00   1.9000000e+01   2.8100000e+02   0.0000000e+00   9.3666667e-01   5.9500000e+02   3.1152039e+01
   0.0000000e+00   1.9000000e+01   2.8100000e+02   0.0000000e+00   9.3666667e-01   2.5200000e+02   3.4991018e+01
   0.0000000e+00   1.9000000e+01   2.8100000e+02   0.0000000e+00   9.3666667e-01   1.9800000e+02   3.4790870e+01
   2.0000000e+00   1.7000000e+01   2.7900000e+02   2.0000000e+00   9.3666667e-01   5.7900000e+02   3.1075194e+01
   0.0000000e+00   1.9000000e+01   2.8100000e+02   0.0000000e+00   9.3666667e-01   3.2800000e+02   3.0649455e+01
   0.0000000e+00   1.9000000e+01   2.8100000e+02   0.0000000e+00   9.3666667e-01   2.5400000e+02   3.1440823e+01
   0.0000000e+00   1.9000000e+01   2.8100000e+02   0.0000000e+00   9.3666667e-01   3.7500000e+02   3.2256491e+01
   0.0000000e+00   1.9000000e+01   2.8100000e+02   0.0000000e+00   9.3666667e-01   5.0300000e+02   3.1389845e+01
   0.0000000e+00   1.9000000e+01   2.8100000e+02   0.0000000e+00   9.3666667e-01   1.9200000e+02   3.1881257e+01
   0.0000000e+00   1.9000000e+01   2.8100000e+02   0.0000000e+00   9.3666667e-01   3.0600000e+02   3.2431336e+01
   1.0000000e+00   1.8000000e+01   2.7900000e+02   2.0000000e+00   9.3333333e-01   8.5900000e+02   3.0996743e+01
   0.0000000e+00   1.9000000e+01   2.8100000e+02   0.0000000e+00   9.3666667e-01   2.6100000e+02   3.1126155e+01
   0.0000000e+00   1.9000000e+01   2.8100000e+02   0.0000000e+00   9.3666667e-01   3.1000000e+02   3.1022783e+01
   0.0000000e+00   1.9000000e+01   2.8100000e+02   0.0000000e+00   9.3666667e-01   3.2700000e+02   3.1513510e+01
