   0.0000000e+00   1.9000000e+01   2.8100000e+02   0.0000000e+00   9.3666667e-01   1.9900000e+02   3.0657397e+01
   0.0000000e+00   1.9000000e+01   2.8100000e+02   0.0000000e+00   9.3666667e-01   1.9600000e+02   3.0851565e+01
   0.0000000e+00   1.9000000e+01   2.8100000e+02   0.0000000e+00   9.3666667e-01   1.9300000e+02   3.1009547e+01
   0.0000000e+00   1.9000000e+01   2.8100000e+02   0.0000000e+00   9.3666667e-01   9.4400000e+02   3.0027969e+01
   0.0000000e+00   1.9000000e+01   2.8100000e+02   0.0000000e+00   9.3666667e-01   3.9700000e+02   3.0094439e+01
   1.0000000e+00   1.8000000e+01   2.7900000e+02   2.0000000e+00   9.3333333e-01   6.0500000e+02   3.1284014e+01
   0.0000000e+00   1.9000000e+01   2.8100000e+02   0.0000000e+00   9.3666667e-01   3.0200000e+02   3.1100831e+01
   0.0000000e+00   1.9000000e+01   2.8100000e+02   0.0000000e+00   9.3666667e-01   1.3800000e+02   3.5335731e+01
   0.0000000e+00   1.9000000e+01   2.8100000e+02   0.0000000e+00   9.3666667e-01   2.1600000e+02   3.1273682e+01
   0.0000000e+00   1.9000000e+01   2.8100000e+02   0.0000000e+00   9.3666667e-01   2.5500000e+02   3.2856462e+01
   0.0000000e+00   1.9000000e+01   2.8100000e+02   0.0000000e+00   9.3666667e-01   2.0700000e+02   3.0951693e+01
   0.0000000e+00   1.9000000e+01   2.8100000e+02   0.0000000e+00   9.3666667e-01   2.2900000e+02   3.1219706e+01
   1.0000000e+00   1.8000000e+01   2.7900000e+02   2.0000000e+00   9.3333333e-01   8.0300000e+02   3.0717881e+01
   0.0000000e+00   1.9000000e+01   2.8100000e+02   0.0000000e+00   9.3666667e-01   5.1200000e+02   3.0597059e+01
   0.0000000e+00   1.9000000e+01   2.8100000e+02   0.0000000e+00   9.3666667e-01   2.4600000e+02   3.0659901e+01
   0.0000000e+00   1.9000000e+01   2.8100000e+02   0.0000000e+00   9.3666667e-01   5.8800000e+02   3.0701707e+01
   0.0000000e+00   1.9000000e+01   2.8100000e+02   0.0000000e+00   9.3666667e-01   2.1100000e+02   3.3004417e+01
   0.0000000e+00   1.9000000e+01   2.8100000e+02   0.0000000e+00   9.3666667e-01   4.7100000e+02   3.0433667e+01
   0.0000000e+00   1.9000000e+01   2.8100000e+02   0.0000000e+00   9.3666667e-01   2.3200000e+02   3.1932665e+01
   0.0000000e+00   1.9000000e+01   2.8100000e+02   0.0000000e+00   9.3666667e-01   2.3900000e+02   3.1117022e+01
   0.0000000e+00   1.9000000e+01   2.8100000e+02   0.0000000e+00   9.3666667e-01   4.2400000e+02   3.0843686e+01
   0.0000000e+00   1.9000000e+01   2.8000000e+02   1.0000000e+00   9.3333333e-01   2.2500000e+02   3.1925487e+01
   0.0000000e+00   1.9000000e+01   2.8100000e+02   0.0000000e+00   9.3666667e-01   2.3200000e+02   3.2277120e+01
   0.0000000e+00   1.9000000e+01   2.8100000e+02   0.0000000e+00   9.3666667e-01   2.9200000e+02   3.0379804e+01
   0.0000000e+00   1.9000000e+01   2.8100000e+02   0.0000000e+00   9.3666667e-01   3.5700000e+02   3.3936607e+01
   0.0000000e+00   1.9000000e+01   2.8100000e+02   0.0000000e+00   9.3666667e-01   4.2400000e+02   3.0637403e+01
   0.0000000e+00   1.9000000e+01   2.8100000e+02   0.0000000e+00   9.3666667e-01   5.6400000e+02   3.1146082e+01
   2.0000000e+00   1.7000000e+01   2.8100000e+02   0.0000000e+00   9.4333333e-01   7.9000000e+02   3.0386847e+01
   0.0000000e+00   1.9000000e+01   2.8100000e+02   0.0000000e+00   9.3666667e-01   1.6800000e+02   3.2409067e+01
   1.0000000e+00   1.8000000e+01   2.8000000e+02   1.0000000e+00   9.3666667e-01   2.1600000e+02   3.0704461e+01
   0.0000000e+00   1.9000000e+01   2.8000000e+02   1.0000000e+00   9.3333333e-01   1.9800000e+02   3.1412644e+01
   0.0000000e+00   1.9000000e+01   2.8100000e+02   0.0000000e+00   9.3666667e-01   4.4900000e+02   3.1498159e+01
   0.0000000e+00   1.9000000e+01   2.8100000e+02   0.0000000e+00   9.3666667e-01   2.2400000e+02   3.1149489e+01
   0.0000000e+00   1.9000000e+01   2.8100000e+02   0.0000000e+00   9.3666667e-01   6.1900000e+02   3.0720181e+01
   0.0000000e+00   1.9000000e+01   2.8100000e+02   0.0000000e+00   9.3666667e-01   5.9300000e+02   3.0600030e+01
   0.0000000e+00   1.9000000e+01   2.8100000e+02   0.0000000e+00   9.3666667e-01   1.9800000e+02   3.1930576e+01
   0.0000000e+00   1.9000000e+01   2.8100000e+02   0.0000000e+00   9.3666667e-01   4.4700000e+02   3.1152788e+01
   0.0000000e+00   1.9000000e+01   2.8100000e+02   0.0000000e+00   9.3666667e-01   4.2000000e+02   3.2529747e+01
   0.0000000e+00   1.9000000e+01   2.8100000e+02   0.0000000e+00   9.3666667e-01   7.4500000e+02   3.0948481e+01
   0.0000000e+00   1.9000000e+01   2.8100000e+02   0.0000000e+00   9.3666667e-01   5.3800000e+02   3.0605888e+01
   1.0000000e+00   1.8000000e+01   2.8100000e+02   0.0000000e+00   9.4000000e-01   7.2400000e+02   3.0180545e+01
   0.0000000e+00   1.9000000e+01   2.8100000e+02   0.0000000e+00   9.3666667e-01   4.2500000e+02   3.2898032e+01
   0.0000000e+00   1.9000000e+01   2.8100000e+02   0.0000000e+00   9.3666667e-01   7.8000000e+02   3.0720327e+01
   0.0000000e+00   1.9000000e+01   2.8000000e+02   1.0000000e+00   9.3333333e-01   6.4400000e+02   3.1724551e+01
   0.0000000e+00   1.9000000e+01   2.8100000e+02   0.0000000e+00   9.3666667e-01   4.5300000e+02   3.0941895e+01
   0.0000000e+00   1.9000000e+01   2.7900000e+02   2.0000000e+00   9.3000000e-01   5.7100000e+02   3.1091071e+01
   0.0000000e+00   1.9000000e+01   2.8100000e+02   0.0000000e+00   9.3666667e-01   3.1400000e+02   3.1357207e+01
   0.0000000e+00   1.9000000e+01   2.8100000e+02   0.0000000e+00   9.3666667e-01   3.1000000e+02   3.1249828e+01
   0.0000000e+00   1.9000000e+01   2.8100000e+02   0.0000000e+00   9.3666667e-01   3.6600000e+02   3.1144330e+01
   0.0000000e+00   1.9000000e+01   2.8100000e+02   0.0000000e+00   9.3666667e-01   4.8800000e+02   3.0930361e+01
   0.0000000e+00   1.9000000e+01   2.8100000e+02   0.0000000e+00   9.3666667e-01   3.2000000e+02   3.0937411e+01
   0.0000000e+00   1.9000000e+01   2.8100000e+02   0.0000000e+00   9.3666667e-01   2.4300000e+02   3.3050072e+01
   0.0000000e+00   1.9000000e+01   2.8100000e+02   0.0000000e+00   9.3666667e-01   3.0600000e+02   3.1994500e+01
   0.0000000e+00   1.9000000e+01   2.8100000e+02   0.0000000e+00   9.3666667e-01   3.1100000e+02   3.0674214e+01
   0.0000000e+00   1.9000000e+01   2.8100000e+02   0.0000000e+00   9.3666667e-01   7.1900000e+02   3.1022521e+01
   0.0000000e+00   1.9000000e+01   2.8100000e+02   0.0000000e+00   9.3666667e-01   2.7400000e+02   3.2400361e+01
   0.0000000e+00   1.9000000e+01   2.8100000e+02   0.0000000e+00   9.3666667e-01   2.8600000e+02   3.1696718e+01
   0.0000000e+00   1.9000000e+01   2.8100000e+02   0.0000000e+00   9.3666667e-01   1.0080000e+03   3.0886349e+01
   0.0000000e+00   1.9000000e+01   2.8100000e+02   0.0000000e+00   9.3666667e-01   7.3400000e+02   3.0513880e+01
   0.0000000e+00   1.9000000e+01   2.8100000e+02   0.0000000e+00   9.3666667e-01   2.2900000e+02   3.0719346e+01
   0.0000000e+00   1.9000000e+01   2.8100000e+02   0.0000000e+00   9.3666667e-01   1.8500000e+02   3.1677306e+01
   0.0000000e+00   1.9000000e+01   2.8100000e+02   0.0000000e+00   9.3666667e-01   3.3500000e+02   3.1767499e+01
   0.0000000e+00   1.9000000e+01   2.8100000e+02   0.0000000e+00   9.3666667e-01   7.4000000e+02   3.1310634e+01
   0.0000000e+00   1.9000000e+01   2.7900000e+02   2.0000000e+00   9.3000000e-01   7.2000000e+02   3.1300551e+01
   0.0000000e+00   1.9000000e+01   2.8100000e+02   0.0000000e+00   9.3666667e-01   4.4900000e+02   3.2834245e+01
   0.0000000e+00   1.9000000e+01   2.8100000e+02   0.0000000e+00   9.3666667e-01   4.3700000e+02   3.1235307e+01
   0.0000000e+00   1.9000000e+01   2.8100000e+02   0.0000000e+00   9.3666667e-01   2.8700000e+02   3.1473791e+01
   0.0000000e+00   1.9000000e+01   2.8100000e+02   0.0000000e+00   9.3666667e-01   2.9600000e+02   3.0983107e+01
   0.0000000e+00   1.9000000e+01   2.8100000e+02   0.0000000e+00   9.3666667e-01   6.5000000e+02   3.0375354e+01
   0.0000000e+00   1.9000000e+01   2.8100000e+02   0.0000000e+00   9.3666667e-01   5.5200000e+02   3.2187803e+01
   0.0000000e+00   1.9000000e+01   2.8100000e+02   0.0000000e+00   9.3666667e-01   4.4800000e+02   3.1030081e+01
   0.0000000e+00   1.9000000e+01   2.8100000e+02   0.0000000e+00   9.3666667e-01   2.4400000e+02   3.0852403e+01
   0.0000000e+00   1.9000000e+01   2.8100000e+02   0.0000000e+00   9.3666667e-01   2.2300000e+02   3.1537347e+01
   0.0000000e+00   1.9000000e+01   2.8100000e+02   0.0000000e+00   9.3666667e-01   2.5300000e+02   3.1818674e+01
   0.0000000e+00   1.9000000e+01   2.8100000e+02   0.0000000e+00   9.3666667e-01   4.7300000e+02   3.0861600e+01
   0.0000000e+00   1.9000000e+01   2.8100000e+02   0.0000000e+00   9.3666667e-01   5.6200000e+02   3.1015126e+01
   0.0000000e+00   1.9000000e+01   2.8100000e+02   0.0000000e+00   9.3666667e-01   2.8200000e+02   3.1374945e+01
   0.0000000e+00   1.9000000e+01   2.8100000e+02   0.0000000e+00   9.3666667e-01   2.2400000e+02   3.1518526e+01
   0.0000000e+00   1.9000000e+01   2.8100000e+02   0.0000000e+00   9.3666667e-01   3.3700000e+02   3.1272916e+01
   0.0000000e+00   1.9000000e+01   2.8100000e+02   0.0000000e+00   9.3666667e-01   2.3700000e+02   3.2352313e+01
   4.0000000e+00   1.5000000e+01   2.7700000e+02   4.0000000e+00   9.3666667e-01   2.7400000e+02   3.0880604e+01
   0.0000000e+00   1.9000000e+01   2.8100000e+02   0.0000000e+00   9.3666667e-01   4.0800000e+02   3.1922738e+01
   2.0000000e+00   1.7000000e+01   2.8000000e+02   1.0000000e+00   9.4000000e-01   6.9600000e+02   2.9978606e+01
   0.0000000e+00   1.9000000e+01   2.8100000e+02   0.0000000e+00   9.3666667e-01   3.8400000e+02   3.1051777e+01
   0.0000000e+00   1.9000000e+01   2.8100000e+02   0.0000000e+00   9.3666667e-01   1.5900000e+02   3.2992750e+01
   0.0000000e+00   1.9000000e+01   2.8100000e+02   0.0000000e+00   9.3666667e-01   4.8300000e+02   3.0632446e+01
   0.0000000e+00   1.9000000e+01   2.8100000e+02   0.0000000e+00   9.3666667e-01   4.6600000e+02   3.2672767e+01
   0.0000000e+00   1.9000000e+01   2.8000000e+02   1.0000000e+00   9.3333333e-01   4.4600000e+02   3.0274739e+01
   0.0000000e+00   1.9000000e+01   2.8100000e+02   0.0000000e+00   9.3666667e-01   4.3200000e+02   3.1986452e+01
   1.0000000e+00   1.8000000e+01   2.7900000e+02   2.0000000e+00   9.3333333e-01   1.9500000e+02   3.1188873e+01
   0.0000000e+00   1.9000000e+01   2.8000000e+02   1.0000000e+00   9.3333333e-01   5.2000000e+02   3.0694664e+01
   0.0000000e+00   1.9000000e+01   2.8100000e+02   0.0000000e+00   9.3666667e-01   2.4300000e+02   3.0489085e+01
   0.0000000e+00   1.9000000e+01   2.8100000e+02   0.0000000e+00   9.3666667e-01   5.2300000e+02   3.0823009e+01
   0.0000000e+00   1.9000000e+01   2.8100000e+02   0.0000000e+00   9.3666667e-01   2.1700000e+02   3.1249783e+01
   0.0000000e+00   1.9000000e+01   2.8100000e+02   0.0000000e+00   9.3666667e-01   5.6400000e+02   3.0882556e+01
   0.0000000e+00   1.9000000e+01   2.8100000e+02   0.0000000e+00   9.3666667e-01   3.5700000e+02   3.0778965e+01
   0.0000000e+00   1.9000000e+01   2.8100000e+02   0.0000000e+00   9.3666667e-01   7.3600000e+02   3.0178953e+01
   0.0000000e+00   1.9000000e+01   2.8100000e+02   0.0000000e+00   9.3666667e-01   1.7300000e+02   3.2609167e+01
   0.0000000e+00   1.9000000e+01   2.8100000e+02   0.0000000e+00   9.3666667e-01   5.1700000e+02   3.1134868e+01
   2.0000000e+00   1.7000000e+01   2.7900000e+02   2.0000000e+00   9.3666667e-01   3.8500000e+02   3.0836505e+01
