   0.0000000e+00   1.9000000e+01   2.8100000e+02   0.0000000e+00   9.3666667e-01   2.8900000e+02   3.5513503e+01
   0.0000000e+00   1.9000000e+01   2.8100000e+02   0.0000000e+00   9.3666667e-01   1.2300000e+03   3.5605079e+01
   0.0000000e+00   1.9000000e+01   2.8100000e+02   0.0000000e+00   9.3666667e-01   6.0200000e+02   3.5666349e+01
   0.0000000e+00   1.9000000e+01   2.8100000e+02   0.0000000e+00   9.3666667e-01   5.1300000e+02   3.5536105e+01
   0.0000000e+00   1.9000000e+01   2.8100000e+02   0.0000000e+00   9.3666667e-01   2.0700000e+02   3.5485136e+01
   0.0000000e+00   1.9000000e+01   2.8100000e+02   0.0000000e+00   9.3666667e-01   6.8900000e+02   3.5623297e+01
   0.0000000e+00   1.9000000e+01   2.8100000e+02   0.0000000e+00   9.3666667e-01   3.0000000e+02   3.5472282e+01
   0.0000000e+00   1.9000000e+01   2.8100000e+02   0.0000000e+00   9.3666667e-01   3.7400000e+02   3.5531689e+01
   0.0000000e+00   1.9000000e+01   2.8100000e+02   0.0000000e+00   9.3666667e-01   7.3700000e+02   3.5554444e+01
   0.0000000e+00   1.9000000e+01   2.8100000e+02   0.0000000e+00   9.3666667e-01   2.7000000e+02   3.5506756e+01
   0.0000000e+00   1.9000000e+01   2.8100000e+02   0.0000000e+00   9.3666667e-01   5.1200000e+02   3.5531587e+01
   0.0000000e+00   1.9000000e+01   2.8100000e+02   0.0000000e+00   9.3666667e-01   5.0500000e+02   3.5528915e+01
   0.0000000e+00   1.9000000e+01   2.8100000e+02   0.0000000e+00   9.3666667e-01   5.2400000e+02   3.5532654e+01
   0.0000000e+00   1.9000000e+01   2.8100000e+02   0.0000000e+00   9.3666667e-01   5.2100000e+02   3.5524142e+01
   0.0000000e+00   1.9000000e+01   2.8100000e+02   0.0000000e+00   9.3666667e-01   4.2800000e+02   3.5520014e+01
   0.0000000e+00   1.9000000e+01   2.8100000e+02   0.0000000e+00   9.3666667e-01   3.7800000e+02   3.5541095e+01
   0.0000000e+00   1.9000000e+01   2.8100000e+02   0.0000000e+00   9.3666667e-01   4.5300000e+02   3.5614757e+01
   0.0000000e+00   1.9000000e+01   2.8100000e+02   0.0000000e+00   9.3666667e-01   2.0400000e+02   3.5511825e+01
   0.0000000e+00   1.9000000e+01   2.8100000e+02   0.0000000e+00   9.3666667e-01   3.5700000e+02   3.5525125e+01
   0.0000000e+00   1.9000000e+01   2.8100000e+02   0.0000000e+00   9.3666667e-01   4.3800000e+02   3.5554757e+01
   0.0000000e+00   1.9000000e+01   2.8100000e+02   0.0000000e+00   9.3666667e-01   2.5100000e+02   3.5487559e+01
   0.0000000e+00   1.9000000e+01   2.8100000e+02   0.0000000e+00   9.3666667e-01   2.7800000e+02   3.5643879e+01
   0.0000000e+00   1.9000000e+01   2.8100000e+02   0.0000000e+00   9.3666667e-01   5.3000000e+02   3.5526820e+01
   0.0000000e+00   1.9000000e+01   2.8100000e+02   0.0000000e+00   9.3666667e-01   3.0500000e+02   3.5552597e+01
   0.0000000e+00   1.9000000e+01   2.8100000e+02   0.0000000e+00   9.3666667e-01   3.2500000e+02   3.5607257e+01
   0.0000000e+00   1.9000000e+01   2.8100000e+02   0.0000000e+00   9.3666667e-01   4.4200000e+02   3.5594353e+01
   0.0000000e+00   1.9000000e+01   2.8100000e+02   0.0000000e+00   9.3666667e-01   3.9200000e+02   3.5551604e+01
   0.0000000e+00   1.9000000e+01   2.8100000e+02   0.0000000e+00   9.3666667e-01   5.7500000e+02   3.5572136e+01
   0.0000000e+00   1.9000000e+01   2.8100000e+02   0.0000000e+00   9.3666667e-01   2.6200000e+02   3.5495203e+01
   0.0000000e+00   1.9000000e+01   2.8100000e+02   0.0000000e+00   9.3666667e-01   2.0100000e+02   3.5751560e+01
   0.0000000e+00   1.9000000e+01   2.8100000e+02   0.0000000e+00   9.3666667e-01   2.7700000e+02   3.5523683e+01
   0.0000000e+00   1.9000000e+01   2.8100000e+02   0.0000000e+00   9.3666667e-01   5.8200000e+02   3.5565020e+01
   0.0000000e+00   1.9000000e+01   2.8100000e+02   0.0000000e+00   9.3666667e-01   5.8900000e+02   3.5555496e+01
   0.0000000e+00   1.9000000e+01   2.8100000e+02   0.0000000e+00   9.3666667e-01   5.0500000e+02   3.5528526e+01
   0.0000000e+00   1.9000000e+01   2.8100000e+02   0.0000000e+00   9.3666667e-01   6.2400000e+02   3.5567412e+01
   0.0000000e+00   1.9000000e+01   2.8100000e+02   0.0000000e+00   9.3666667e-01   2.1900000e+02   3.5729580e+01
   0.0000000e+00   1.9000000e+01   2.8100000e+02   0.0000000e+00   9.3666667e-01   1.2580000e+03   3.5806342e+01
   0.0000000e+00   1.9000000e+01   2.8100000e+02   0.0000000e+00   9.3666667e-01   4.5800000e+02   3.5535308e+01
   0.0000000e+00   1.9000000e+01   2.8100000e+02   0.0000000e+00   9.3666667e-01   4.3400000e+02   3.5554437e+01
   0.0000000e+00   1.9000000e+01   2.8100000e+02   0.0000000e+00   9.3666667e-01   4.5400000e+02   3.5550993e+01
   0.0000000e+00   1.9000000e+01   2.8100000e+02   0.0000000e+00   9.3666667e-01   2.1900000e+02   3.5524145e+01
   0.0000000e+00   1.9000000e+01   2.8100000e+02   0.0000000e+00   9.3666667e-01   3.2300000e+02   3.5520701e+01
   0.0000000e+00   1.9000000e+01   2.8100000e+02   0.0000000e+00   9.3666667e-01   2.2900000e+02   3.5551374e+01
   0.0000000e+00   1.9000000e+01   2.8100000e+02   0.0000000e+00   9.3666667e-01   4.7200000e+02   3.5560847e+01
   0.0000000e+00   1.9000000e+01   2.8100000e+02   0.0000000e+00   9.3666667e-01   2.3600000e+02   3.5492860e+01
   0.0000000e+00   1.9000000e+01   2.8100000e+02   0.0000000e+00   9.3666667e-01   4.7300000e+02   3.5535750e+01
   0.0000000e+00   1.9000000e+01   2.8100000e+02   0.0000000e+00   9.3666667e-01   2.4900000e+02   3.5579257e+01
   0.0000000e+00   1.9000000e+01   2.8100000e+02   0.0000000e+00   9.3666667e-01   5.8500000e+02   3.5613057e+01
   0.0000000e+00   1.9000000e+01   2.8100000e+02   0.0000000e+00   9.3666667e-01   6.5800000e+02   3.5565280e+01
   0.0000000e+00   1.9000000e+01   2.8100000e+02   0.0000000e+00   9.3666667e-01   3.1800000e+02   3.5567793e+01
   0.0000000e+00   1.9000000e+01   2.8100000e+02   0.0000000e+00   9.3666667e-01   2.9500000e+02   3.5529498e+01
   0.0000000e+00   1.9000000e+01   2.8100000e+02   0.0000000e+00   9.3666667e-01   2.7500000e+02   3.5509862e+01
   0.0000000e+00   1.9000000e+01   2.8100000e+02   0.0000000e+00   9.3666667e-01   6.1500000e+02   3.5565491e+01
   0.0000000e+00   1.9000000e+01   2.8100000e+02   0.0000000e+00   9.3666667e-01   1.4700000e+02   3.6498631e+01
   0.0000000e+00   1.9000000e+01   2.8100000e+02   0.0000000e+00   9.3666667e-01   4.2200000e+02   3.5551057e+01
   0.0000000e+00   1.9000000e+01   2.8100000e+02   0.0000000e+00   9.3666667e-01   2.1500000e+02   3.5546374e+01
   0.0000000e+00   1.9000000e+01   2.8100000e+02   0.0000000e+00   9.3666667e-01   4.8500000e+02   3.5562907e+01
   0.0000000e+00   1.9000000e+01   2.8100000e+02   0.0000000e+00   9.3666667e-01   5.4800000e+02   3.5528303e+01
   0.0000000e+00   1.9000000e+01   2.8100000e+02   0.0000000e+00   9.3666667e-01   2.4100000e+02   3.5536895e+01
   0.0000000e+00   1.9000000e+01   2.8100000e+02   0.0000000e+00   9.3666667e-01   3.7900000e+02   3.5529626e+01
   0.0000000e+00   1.9000000e+01   2.8100000e+02   0.0000000e+00   9.3666667e-01   2.1200000e+02   3.5519236e+01
   0.0000000e+00   1.9000000e+01   2.8100000e+02   0.0000000e+00   9.3666667e-01   5.8400000e+02   3.5569383e+01
   0.0000000e+00   1.9000000e+01   2.8100000e+02   0.0000000e+00   9.3666667e-01   2.0300000e+02   3.5601605e+01
   0.0000000e+00   1.9000000e+01   2.8100000e+02   0.0000000e+00   9.3666667e-01   4.9900000e+02   3.5542557e+01
   0.0000000e+00   1.9000000e+01   2.8100000e+02   0.0000000e+00   9.3666667e-01   2.0900000e+02   3.5536848e+01
   0.0000000e+00   1.9000000e+01   2.8100000e+02   0.0000000e+00   9.3666667e-01   2.6100000e+02   3.5583609e+01
   0.0000000e+00   1.9000000e+01   2.8100000e+02   0.0000000e+00   9.3666667e-01   7.0700000e+02   3.5620384e+01
   0.0000000e+00   1.9000000e+01   2.8100000e+02   0.0000000e+00   9.3666667e-01   1.8500000e+02   3.5648418e+01
   0.0000000e+00   1.9000000e+01   2.8100000e+02   0.0000000e+00   9.3666667e-01   4.2700000e+02   3.5568370e+01
   0.0000000e+00   1.9000000e+01   2.8100000e+02   0.0000000e+00   9.3666667e-01   1.8300000e+02   3.5488336e+01
   0.0000000e+00   1.9000000e+01   2.8100000e+02   0.0000000e+00   9.3666667e-01   1.9200000e+02   3.5537879e+01
   0.0000000e+00   1.9000000e+01   2.8100000e+02   0.0000000e+00   9.3666667e-01   3.5400000e+02   3.5555618e+01
   0.0000000e+00   1.9000000e+01   2.8100000e+02   0.0000000e+00   9.3666667e-01   4.0200000e+02   3.5546556e+01
   0.0000000e+00   1.9000000e+01   2.8100000e+02   0.0000000e+00   9.3666667e-01   6.3000000e+02   3.5530952e+01
   0.0000000e+00   1.9000000e+01   2.8100000e+02   0.0000000e+00   9.3666667e-01   5.5700000e+02   3.5609098e+01
   0.0000000e+00   1.9000000e+01   2.8100000e+02   0.0000000e+00   9.3666667e-01   1.7400000e+02   3.5732642e+01
   0.0000000e+00   1.9000000e+01   2.8100000e+02   0.0000000e+00   9.3666667e-01   3.6100000e+02   3.5545779e+01
   0.0000000e+00   1.9000000e+01   2.8100000e+02   0.0000000e+00   9.3666667e-01   2.9400000e+02   3.5558816e+01
   0.0000000e+00   1.9000000e+01   2.8100000e+02   0.0000000e+00   9.3666667e-01   3.4500000e+02   3.5545403e+01
   0.0000000e+00   1.9000000e+01   2.8100000e+02   0.0000000e+00   9.3666667e-01   2.7200000e+02   3.5511360e+01
   0.0000000e+00   1.9000000e+01   2.8100000e+02   0.0000000e+00   9.3666667e-01   1.9400000e+02   3.5523843e+01
   0.0000000e+00   1.9000000e+01   2.8100000e+02   0.0000000e+00   9.3666667e-01   2.8900000e+02   3.5544290e+01
   0.0000000e+00   1.9000000e+01   2.8100000e+02   0.0000000e+00   9.3666667e-01   7.7300000e+02   3.5558719e+01
   0.0000000e+00   1.9000000e+01   2.8100000e+02   0.0000000e+00   9.3666667e-01   2.4200000e+02   3.5545716e+01
   0.0000000e+00   1.9000000e+01   2.8100000e+02   0.0000000e+00   9.3666667e-01   4.3900000e+02   3.5534379e+01
   0.0000000e+00   1.9000000e+01   2.8100000e+02   0.0000000e+00   9.3666667e-01   4.2200000e+02   3.5551883e+01
   0.0000000e+00   1.9000000e+01   2.8100000e+02   0.0000000e+00   9.3666667e-01   4.3300000e+02   3.5543947e+01
   0.0000000e+00   1.9000000e+01   2.8100000e+02   0.0000000e+00   9.3666667e-01   1.1650000e+03   3.5556319e+01
   0.0000000e+00   1.9000000e+01   2.8100000e+02   0.0000000e+00   9.3666667e-01   4.3900000e+02   3.5540786e+01
   0.0000000e+00   1.9000000e+01   2.8100000e+02   0.0000000e+00   9.3666667e-01   4.9000000e+02   3.5578215e+01
   0.0000000e+00   1.9000000e+01   2.8100000e+02   0.0000000e+00   9.3666667e-01   3.2200000e+02   3.5573447e+01
   0.0000000e+00   1.9000000e+01   2.8100000e+02   0.0000000e+00   9.3666667e-01   4.8300000e+02   3.5524685e+01
   0.0000000e+00   1.9000000e+01   2.8100000e+02   0.0000000e+00   9.3666667e-01   2.4600000e+02   3.5482808e+01
   0.0000000e+00   1.9000000e+01   2.8100000e+02   0.0000000e+00   9.3666667e-01   1.4400000e+02   3.5566656e+01
   0.0000000e+00   1.9000000e+01   2.8100000e+02   0.0000000e+00   9.3666667e-01   9.2800000e+02   3.5611820e+01
   0.0000000e+00   1.9000000e+01   2.8100000e+02   0.0000000e+00   9.3666667e-01   3.3500000e+02   3.5541938e+01
   0.0000000e+00   1.9000000e+01   2.8100000e+02   0.0000000e+00   9.3666667e-01   2.3400000e+02   3.5663788e+01
   0.0000000e+00   1.9000000e+01   2.8100000e+02   0.0000000e+00   9.3666667e-01   4.6900000e+02   3.5538755e+01
   0.0000000e+00   1.9000000e+01   2.8100000e+02   0.0000000e+00   9.3666667e-01   5.0500000e+02   3.5553246e+01
   0.0000000e+00   1.9000000e+01   2.8100000e+02   0.0000000e+00   9.3666667e-01   3.3600000e+02   3.5587537e+01
