   8.0000000e+00   2.7860000e+03   1.9501000e+04   3.1000000e+01   8.7382424e-01   4.9562225e+03
   2.0000000e+00   2.7920000e+03   1.9519000e+04   1.3000000e+01   8.7436173e-01   4.8992350e+03
   4.3000000e+01   2.7510000e+03   1.9392000e+04   1.4000000e+02   8.7050972e-01   4.8706275e+03
   1.0000000e+00   2.7930000e+03   1.9491000e+04   4.1000000e+01   8.7306280e-01   5.0237554e+03
   0.0000000e+00   2.7940000e+03   1.9524000e+04   8.0000000e+00   8.7449610e-01   4.8685442e+03
   0.0000000e+00   2.7940000e+03   1.9505000e+04   2.7000000e+01   8.7364508e-01   5.0261099e+03
   3.9000000e+01   2.7550000e+03   1.9345000e+04   1.8700000e+02   8.6822539e-01   5.0515387e+03
   0.0000000e+00   2.7940000e+03   1.9532000e+04   0.0000000e+00   8.7485443e-01   4.9029374e+03
   0.0000000e+00   2.7940000e+03   1.9532000e+04   0.0000000e+00   8.7485443e-01   4.8570181e+03
   0.0000000e+00   2.7940000e+03   1.9530000e+04   2.0000000e+00   8.7476485e-01   4.9113904e+03
   2.4000000e+01   2.7700000e+03   1.9360000e+04   1.7200000e+02   8.6822539e-01   5.0332936e+03
   2.7000000e+01   2.7670000e+03   1.9468000e+04   6.4000000e+01   8.7319717e-01   4.9302010e+03
   1.9000000e+01   2.7750000e+03   1.9463000e+04   6.9000000e+01   8.7261489e-01   4.9197601e+03
   3.9000000e+01   2.7550000e+03   1.9401000e+04   1.3100000e+02   8.7073367e-01   4.9582059e+03
   0.0000000e+00   2.7940000e+03   1.9532000e+04   0.0000000e+00   8.7485443e-01   4.8962835e+03
   3.3000000e+01   2.7610000e+03   1.9346000e+04   1.8600000e+02   8.6800143e-01   5.0426636e+03
   0.0000000e+00   2.7940000e+03   1.9532000e+04   0.0000000e+00   8.7485443e-01   4.8175273e+03
   2.3000000e+01   2.7710000e+03   1.9308000e+04   2.2400000e+02   8.6585147e-01   5.0040579e+03
   0.0000000e+00   2.7940000e+03   1.9524000e+04   8.0000000e+00   8.7449610e-01   4.9057572e+03
   0.0000000e+00   2.7940000e+03   1.9528000e+04   4.0000000e+00   8.7467527e-01   4.8928704e+03
   0.0000000e+00   2.7940000e+03   1.9532000e+04   0.0000000e+00   8.7485443e-01   4.8673547e+03
   0.0000000e+00   2.7940000e+03   1.9532000e+04   0.0000000e+00   8.7485443e-01   4.8632803e+03
   4.3000000e+01   2.7510000e+03   1.9368000e+04   1.6400000e+02   8.6943474e-01   4.9053226e+03
   2.1000000e+01   2.7730000e+03   1.9438000e+04   9.4000000e+01   8.7158470e-01   4.9707951e+03
   0.0000000e+00   2.7940000e+03   1.9532000e+04   0.0000000e+00   8.7485443e-01   4.9155499e+03
   9.0000000e+00   2.7850000e+03   1.9509000e+04   2.3000000e+01   8.7422736e-01   4.8574206e+03
   0.0000000e+00   2.7940000e+03   1.9532000e+04   0.0000000e+00   8.7485443e-01   4.9542234e+03
   3.9000000e+01   2.7550000e+03   1.9331000e+04   2.0100000e+02   8.6759832e-01   5.1690655e+03
   0.0000000e+00   2.7940000e+03   1.9532000e+04   0.0000000e+00   8.7485443e-01   4.9029517e+03
   0.0000000e+00   2.7940000e+03   1.9489000e+04   4.3000000e+01   8.7292842e-01   5.0891537e+03
   5.1000000e+01   2.7430000e+03   1.9295000e+04   2.3700000e+02   8.6652334e-01   5.0243521e+03
   0.0000000e+00   2.7940000e+03   1.9530000e+04   2.0000000e+00   8.7476485e-01   5.0430122e+03
   2.0000000e+00   2.7920000e+03   1.9530000e+04   2.0000000e+00   8.7485443e-01   4.8891276e+03
   3.0000000e+00   2.7910000e+03   1.9513000e+04   1.9000000e+01   8.7413778e-01   4.8446521e+03
   0.0000000e+00   2.7940000e+03   1.9532000e+04   0.0000000e+00   8.7485443e-01   4.8558004e+03
   0.0000000e+00   2.7940000e+03   1.9532000e+04   0.0000000e+00   8.7485443e-01   4.8869865e+03
   6.0000000e+00   2.7880000e+03   1.9523000e+04   9.0000000e+00   8.7472006e-01   4.8682434e+03
   3.5000000e+01   2.7590000e+03   1.9414000e+04   1.1800000e+02   8.7113679e-01   4.9501327e+03
   1.0000000e+00   2.7930000e+03   1.9508000e+04   2.4000000e+01   8.7382424e-01   4.9755125e+03
   0.0000000e+00   2.7940000e+03   1.9532000e+04   0.0000000e+00   8.7485443e-01   4.9101231e+03
   3.0000000e+00   2.7910000e+03   1.9511000e+04   2.1000000e+01   8.7404819e-01   4.9530236e+03
   0.0000000e+00   2.7940000e+03   1.9512000e+04   2.0000000e+01   8.7395861e-01   4.9364406e+03
   0.0000000e+00   2.7940000e+03   1.9532000e+04   0.0000000e+00   8.7485443e-01   4.8523551e+03
   1.5000000e+01   2.7790000e+03   1.9477000e+04   5.5000000e+01   8.7306280e-01   4.9152266e+03
   2.6000000e+01   2.7680000e+03   1.9461000e+04   7.1000000e+01   8.7283884e-01   4.9008559e+03
   6.0000000e+00   2.7880000e+03   1.9447000e+04   8.5000000e+01   8.7131595e-01   4.9497065e+03
   0.0000000e+00   2.7940000e+03   1.9532000e+04   0.0000000e+00   8.7485443e-01   4.8832947e+03
   0.0000000e+00   2.7940000e+03   1.9529000e+04   3.0000000e+00   8.7472006e-01   4.9547822e+03
   6.0000000e+00   2.7880000e+03   1.9510000e+04   2.2000000e+01   8.7413778e-01   4.9391130e+03
   0.0000000e+00   2.7940000e+03   1.9530000e+04   2.0000000e+00   8.7476485e-01   4.8230136e+03
   0.0000000e+00   2.7940000e+03   1.9532000e+04   0.0000000e+00   8.7485443e-01   4.8455197e+03
   6.0000000e+00   2.7880000e+03   1.9445000e+04   8.7000000e+01   8.7122637e-01   5.0016811e+03
   0.0000000e+00   2.7940000e+03   1.9532000e+04   0.0000000e+00   8.7485443e-01   4.8519507e+03
   3.0000000e+00   2.7910000e+03   1.9504000e+04   2.8000000e+01   8.7373466e-01   4.8651293e+03
   0.0000000e+00   2.7940000e+03   1.9532000e+04   0.0000000e+00   8.7485443e-01   4.7983896e+03
   0.0000000e+00   2.7940000e+03   1.9532000e+04   0.0000000e+00   8.7485443e-01   4.8296568e+03
   9.0000000e+00   2.7850000e+03   1.9521000e+04   1.1000000e+01   8.7476485e-01   4.9303942e+03
   0.0000000e+00   2.7940000e+03   1.9532000e+04   0.0000000e+00   8.7485443e-01   4.8951989e+03
   0.0000000e+00   2.7940000e+03   1.9517000e+04   1.5000000e+01   8.7418257e-01   4.8540080e+03
   0.0000000e+00   2.7940000e+03   1.9532000e+04   0.0000000e+00   8.7485443e-01   4.7960230e+03
   5.0000000e+00   2.7890000e+03   1.9505000e+04   2.7000000e+01   8.7386903e-01   4.9071989e+03
   7.0000000e+00   2.7870000e+03   1.9503000e+04   2.9000000e+01   8.7386903e-01   4.9084046e+03
   0.0000000e+00   2.7940000e+03   1.9532000e+04   0.0000000e+00   8.7485443e-01   4.8039521e+03
   1.4000000e+01   2.7800000e+03   1.9495000e+04   3.7000000e+01   8.7382424e-01   4.9543267e+03
   0.0000000e+00   2.7940000e+03   1.9532000e+04   0.0000000e+00   8.7485443e-01   4.9426874e+03
   2.0000000e+00   2.7920000e+03   1.9523000e+04   9.0000000e+00   8.7454089e-01   4.8676972e+03
   5.0000000e+00   2.7890000e+03   1.9502000e+04   3.0000000e+01   8.7373466e-01   4.9480513e+03
   5.0000000e+00   2.7890000e+03   1.9481000e+04   5.1000000e+01   8.7279405e-01   4.9343085e+03
   1.9000000e+01   2.7750000e+03   1.9463000e+04   6.9000000e+01   8.7261489e-01   4.8929613e+03
   2.8000000e+01   2.7660000e+03   1.9412000e+04   1.2000000e+02   8.7073367e-01   4.9218880e+03
   9.5000000e+01   2.6990000e+03   1.9116000e+04   4.1600000e+02   8.6047657e-01   4.9600766e+03
   3.4000000e+01   2.7600000e+03   1.9400000e+04   1.3200000e+02   8.7046493e-01   4.9082379e+03
   0.0000000e+00   2.7940000e+03   1.9530000e+04   2.0000000e+00   8.7476485e-01   5.0568104e+03
   8.0000000e+00   2.7860000e+03   1.9514000e+04   1.8000000e+01   8.7440652e-01   4.9748067e+03
   6.0000000e+01   2.7340000e+03   1.9217000e+04   3.1500000e+02   8.6343277e-01   5.1524777e+03
   0.0000000e+00   2.7940000e+03   1.9532000e+04   0.0000000e+00   8.7485443e-01   4.9006896e+03
   2.2000000e+01   2.7720000e+03   1.9311000e+04   2.2100000e+02   8.6594106e-01   5.0771449e+03
   0.0000000e+00   2.7940000e+03   1.9532000e+04   0.0000000e+00   8.7485443e-01   4.8313301e+03
   5.9000000e+01   2.7350000e+03   1.9265000e+04   2.6700000e+02   8.6553794e-01   5.0307330e+03
   0.0000000e+00   2.7940000e+03   1.9532000e+04   0.0000000e+00   8.7485443e-01   4.8397346e+03
   0.0000000e+00   2.7940000e+03   1.9532000e+04   0.0000000e+00   8.7485443e-01   4.9325430e+03
   0.0000000e+00   2.7940000e+03   1.9531000e+04   1.0000000e+00   8.7480964e-01   4.9474114e+03
   3.0000000e+00   2.7910000e+03   1.9510000e+04   2.2000000e+01   8.7400340e-01   4.9078920e+03
   0.0000000e+00   2.7940000e+03   1.9532000e+04   0.0000000e+00   8.7485443e-01   4.8110006e+03
   0.0000000e+00   2.7940000e+03   1.9532000e+04   0.0000000e+00   8.7485443e-01   4.8751656e+03
   4.6000000e+01   2.7480000e+03   1.9347000e+04   1.8500000e+02   8.6862850e-01   4.9924157e+03
   2.0000000e+00   2.7920000e+03   1.9508000e+04   2.4000000e+01   8.7386903e-01   4.9525205e+03
   0.0000000e+00   2.7940000e+03   1.9513000e+04   1.9000000e+01   8.7400340e-01   4.9458031e+03
   1.6000000e+01   2.7780000e+03   1.9412000e+04   1.2000000e+02   8.7019618e-01   4.9872657e+03
   2.9000000e+01   2.7650000e+03   1.9443000e+04   8.9000000e+01   8.7216698e-01   4.9941176e+03
   2.0000000e+00   2.7920000e+03   1.9517000e+04   1.5000000e+01   8.7427215e-01   4.9266866e+03
   1.0000000e+00   2.7930000e+03   1.9531000e+04   1.0000000e+00   8.7485443e-01   4.8236696e+03
   0.0000000e+00   2.7940000e+03   1.9532000e+04   0.0000000e+00   8.7485443e-01   4.8544876e+03
   0.0000000e+00   2.7940000e+03   1.9532000e+04   0.0000000e+00   8.7485443e-01   4.7921324e+03
   4.9000000e+01   2.7450000e+03   1.9315000e+04   2.1700000e+02   8.6732957e-01   4.9987718e+03
   0.0000000e+00   2.7940000e+03   1.9532000e+04   0.0000000e+00   8.7485443e-01   4.7736327e+03
   0.0000000e+00   2.7940000e+03   1.9532000e+04   0.0000000e+00   8.7485443e-01   4.8582338e+03
   2.8000000e+01   2.7660000e+03   1.9418000e+04   1.1400000e+02   8.7100242e-01   4.9615481e+03
   0.0000000e+00   2.7940000e+03   1.9526000e+04   6.0000000e+00   8.7458568e-01   4.8961180e+03
   8.0000000e+00   2.7860000e+03   1.9512000e+04   2.0000000e+01   8.7431694e-01   4.8272083e+03
